206.716415405	3.533937454
208.734725952	3.533937454
210.753051758	3.533937454
214.789703369	3.530869246
216.808029175	3.527800798
218.826339722	3.527800798
222.862976074	3.527800798
224.881317139	3.524732590
226.899642944	3.524732590
230.936294556	3.521664381
232.954589844	3.521664381
234.972930908	3.521664381
239.009567261	3.518596172
241.027908325	3.515527725
243.046218872	3.515527725
247.082855225	3.515527725
249.101181030	3.512459755
251.119491577	3.512459755
255.156158447	3.509391308
257.174468994	3.509391308
259.192810059	3.509391308
263.229431152	3.506323099
265.247741699	3.506323099
267.266082764	3.503254890
271.302734375	3.503254890
273.321044922	3.503254890
275.339355469	3.500186443
279.376007080	3.500186443
281.394348145	3.497118473
283.412658691	3.497118473
287.449310303	3.497118473
289.467620850	3.494050026
291.485961914	3.494050026
295.522583008	3.490981817
297.540924072	3.490981817
299.559234619	3.490981817
303.595886230	3.490981817
305.614196777	3.487913609
307.632507324	3.487913609
311.669189453	3.484845161
313.687500000	3.484845161
315.705810547	3.484845161
319.742462158	3.484845161
321.760772705	3.484845161
323.779113770	3.481776953
327.815734863	3.481776953
329.834075928	3.478708744
331.852386475	3.478708744
335.889038086	3.478708744
337.907348633	3.478708744
339.925689697	3.478708744
343.962341309	3.475640535
345.980651855	3.475640535
347.998962402	3.475640535
352.035614014	3.472572327
354.053955078	3.472572327
356.072265625	3.472572327
360.108886719	3.472572327
362.127227783	3.469503880
364.145538330	3.469503880
368.182220459	3.469503880
370.200500488	3.466435909
372.218841553	3.466435909
376.255493164	3.466435909
378.273803711	3.466435909
380.292114258	3.466435909
384.328765869	3.466435909
386.347106934	3.463367462
388.365417480	3.463367462
392.402069092	3.463367462
394.420379639	3.460299015
396.438720703	3.460299015
400.475372314	3.460299015
402.493652344	3.460299015
404.511962891	3.460299015
406.530334473	3.460299015
410.566955566	3.460299015
412.585296631	3.457231045
414.603607178	3.457231045
418.640228271	3.457231045
420.658599854	3.457231045
422.676910400	3.454162598
426.713562012	3.454162598
428.731872559	3.454162598
430.750183105	3.454162598
434.786834717	3.454162598
436.805145264	3.451094389
438.823455811	3.451094389
442.860137939	3.451094389
444.878448486	3.448026180
446.896728516	3.448026180
450.933410645	3.448026180
452.951721191	3.448026180
454.970062256	3.448026180
459.006683350	3.444957972
461.024993896	3.444957972
463.043365479	3.444957972
467.079986572	3.441889524
469.098327637	3.441889524
471.116638184	3.441889524
475.153289795	3.438821316
477.171600342	3.438821316
479.189910889	3.438821316
483.226593018	3.435753107
485.244903564	3.435753107
487.263214111	3.435753107
491.299865723	3.435753107
493.318176270	3.432684898
495.336486816	3.432684898
499.373138428	3.429616451
501.391448975	3.429616451
503.409820557	3.429616451
507.446441650	3.429616451
509.464752197	3.426548481
511.483093262	3.426548481
515.519714355	3.423480034
517.538085938	3.423480034
519.556396484	3.423480034
523.593017578	3.420411825
525.611328125	3.420411825
527.629638672	3.417343616
531.666320801	3.417343616
533.684631348	3.417343616
535.702941895	3.417343616
539.739624023	3.414275169
541.757934570	3.411206961
543.776245117	3.411206961
547.812866211	3.411206961
549.831176758	3.408138752
551.849487305	3.408138752
555.886169434	3.405070543
557.904479980	3.405070543
559.922851562	3.405070543
563.959472656	3.402002335
565.977783203	3.398933887
567.996093750	3.398933887
572.032714844	3.398933887
574.051086426	3.395865679
576.069396973	3.395865679
580.106018066	3.392797470
582.124389648	3.392797470
584.142700195	3.392797470
588.179321289	3.389729261
590.197631836	3.386661053
592.215942383	3.386661053
-3.189106941	3.779398203
-1.170784593	3.776329994
0.847537696	3.770193338
4.884182453	3.760988712
6.902504921	3.754852057
8.920826912	3.748715639
12.957471848	3.742578983
14.975793839	3.736442566
19.012437820	3.730306149
21.030761719	3.724169493
23.049083710	3.721101284
27.085727692	3.711896420
29.104051590	3.711896420
31.122371674	3.705760002
35.159015656	3.699623585
37.177337646	3.699623585
39.195663452	3.693486929
43.232307434	3.687350512
45.250625610	3.684282303
49.287273407	3.678145647
51.305599213	3.675077438
53.323917389	3.675077438
57.360561371	3.668941021
59.378887177	3.662804365
61.397205353	3.662804365
65.433853149	3.656667709
67.452171326	3.656667709
69.470497131	3.650531292
73.507141113	3.647463083
75.525459290	3.644394875
79.562110901	3.638258219
81.580429077	3.638258219
83.598747253	3.635190010
87.635398865	3.632121563
89.653717041	3.629053593
91.672042847	3.625985146
95.708686829	3.622916937
97.727005005	3.619848728
99.745330811	3.619848728
103.781974792	3.613712311
105.800292969	3.613712311
107.818618774	3.610643864
111.855270386	3.607575655
113.873588562	3.604507446
117.910232544	3.601439238
119.928550720	3.598371029
121.946868896	3.595302582
125.983520508	3.595302582
128.001846313	3.592234135
130.020172119	3.589166164
134.056808472	3.586097717
136.075134277	3.583029747
138.093460083	3.583029747
142.130096436	3.579961300
144.148422241	3.576893091
148.185058594	3.576893091
150.203384399	3.573824883
152.221710205	3.570756435
156.258361816	3.570756435
158.276672363	3.567688227
160.294998169	3.564620018
164.331634521	3.564620018
166.349975586	3.561551809
168.368286133	3.558483601
172.404937744	3.558483601
174.423248291	3.555415154
178.459899902	3.552346945
180.478225708	3.552346945
182.496551514	3.552346945
186.533187866	3.546210289
188.551513672	3.546210289
190.569824219	3.546210289
608.362548828	3.377456188
610.380859375	3.374387980
612.399169922	3.374387980
614.417480469	3.374387980
618.454162598	3.371319532
620.472473145	3.368251324
622.490783691	3.368251324
626.527465820	3.365183115
628.545776367	3.365183115
630.564086914	3.362114906
632.582397461	3.362114906
636.619018555	3.359046698
638.637390137	3.355978251
640.655700684	3.355978251
644.692382812	3.352910042
646.710693359	3.352910042
648.729003906	3.349841833
650.747314453	3.349841833
654.783935547	3.346773624
656.802246094	3.343705416
658.820617676	3.343705416
660.838928223	3.343705416
664.875549316	3.337568760
666.893920898	3.337568760
668.912231445	3.337568760
672.948913574	3.334500551
674.967163086	3.331432104
676.985473633	3.331432104
679.003784180	3.328364134
683.040466309	3.325295687
685.058776855	3.325295687
687.077148438	3.322227478
691.113769531	3.319159269
693.132080078	3.319159269
695.150451660	3.316091061
697.168701172	3.313022614
701.205383301	3.313022614
703.223693848	3.309954405
705.242004395	3.306886196
707.260314941	3.306886196
711.296997070	3.303817987
713.315307617	3.300749779
715.333679199	3.300749779
719.370239258	3.297681570
721.388549805	3.294613123
723.406921387	3.294613123
725.425231934	3.291544914
729.461914062	3.288476706
731.480224609	3.285408258
733.498535156	3.285408258
737.535217285	3.282340050
739.553527832	3.279271841
741.571777344	3.276203632
743.590148926	3.276203632
747.626770020	3.270067215
749.645080566	3.270067215
751.663452148	3.270067215
753.681762695	3.266998768
757.718444824	3.263930559
759.736755371	3.260862350
761.755065918	3.257794142
765.791687012	3.254725695
767.809997559	3.251657486
769.828308105	3.251657486
771.846679688	3.248589277
775.883300781	3.245520830
777.901611328	3.242452621
779.919982910	3.239384413
783.956604004	3.236316204
785.974914551	3.233247995
787.993225098	3.233247995
790.011535645	3.230179787
808.176391602	3.211770296
810.194763184	3.208701849
812.213134766	3.208701849
814.231384277	3.205633640
818.268127441	3.202565193
820.286376953	3.196428776
822.304748535	3.196428776
824.323059082	3.193360567
826.341369629	3.190292358
830.377929688	3.187224150
832.396301270	3.184155941
834.414672852	3.184155941
836.432922363	3.178019285
840.469665527	3.174950838
842.487915039	3.171882868
844.506286621	3.171882868
846.524597168	3.165746212
848.542907715	3.165746212
852.579589844	3.159609795
854.597839355	3.159609795
856.616210938	3.156541348
858.634460449	3.153473139
862.671203613	3.147336721
864.689453125	3.147336721
866.707824707	3.141200304
868.726135254	3.141200304
872.762756348	3.135063648
874.781127930	3.135063648
876.799377441	3.128926992
878.817749023	3.128926992
880.836120605	3.125858784
884.872741699	3.119722366
886.890991211	3.116653919
888.909362793	3.116653919
890.927673340	3.110517502
894.964294434	3.104381084
896.982666016	3.104381084
899.000915527	3.101312876
901.019287109	3.098244429
903.037658691	3.098244429
907.074279785	3.092108011
909.092590332	3.085971355
911.110900879	3.085971355
913.129211426	3.079834938
917.165832520	3.073698521
919.184204102	3.073698521
921.202453613	3.070630074
923.220825195	3.067561865
927.257446289	3.061425447
929.275817871	3.058357000
931.294128418	3.055289030
933.312438965	3.055289030
935.330749512	3.049152374
939.367370605	3.043015718
941.385742188	3.043015718
943.403991699	3.036879301
945.422363281	3.036879301
949.458984375	3.030742884
951.477355957	3.024606228
953.495666504	3.024606228
955.513977051	3.018469810
957.532287598	3.018469810
961.568908691	3.009264946
963.587280273	3.006196499
965.605651855	3.000060081
967.623901367	3.000060081
971.660644531	2.993923664
973.678894043	2.987787247
975.697204590	2.987787247
977.715515137	2.981650591
981.752197266	2.975514174
983.770446777	2.975514174
985.788818359	2.969377518
987.807189941	2.963241100
989.825439453	2.963241100
993.862182617	2.957104683
995.880432129	2.950968027
997.898742676	2.950968027
999.917114258	2.944831610
1003.953735352	2.938694954
1005.971984863	2.932558298
1007.990356445	2.932558298
1010.008728027	2.926422119
1014.045349121	2.920285225
1016.063720703	2.914149046
1018.081970215	2.914149046
1020.100280762	2.908012390
1022.118652344	2.901875734
1026.155273438	2.895739317
1028.173583984	2.889602661
1030.191894531	2.889602661
1032.210205078	2.883466482
1036.246826172	2.877329826
1038.265258789	2.871193171
1040.283447266	2.868125200
1042.301879883	2.865056753
1044.320190430	2.858920336
1048.356811523	2.852783680
1050.375122070	2.846647263
1052.393432617	2.843578815
1054.411743164	2.840510607
1058.448364258	2.831305981
1060.466796875	2.828237534
1062.484985352	2.822100878
1064.503417969	2.815964699
1068.540039062	2.809827805
1070.558349609	2.803691626
1072.576660156	2.797554970
1074.594970703	2.794486761
1076.613281250	2.791418552
1080.649902344	2.779145479
1082.668334961	2.776077032
1084.686645508	2.773009062
1086.704956055	2.766872406
1090.741577148	2.757667780
1092.759887695	2.751531124
1094.778198242	2.748462915
1096.796508789	2.742326498
1098.814819336	2.736189842
1102.851440430	2.726984978
1104.869873047	2.720848560
1106.888183594	2.714711905
1108.906494141	2.711643934
1112.943115234	2.699370623
1114.961425781	2.693234205
1116.979736328	2.690165997
1118.998046875	2.684029341
1123.034790039	2.671756268
1125.052978516	2.665620089
1127.071411133	2.659483194
1129.089721680	2.653346539
1131.108032227	2.647210360
1135.144653320	2.634937286
1137.162963867	2.628800631
1139.181274414	2.619596004
1141.199707031	2.613459349
1145.236328125	2.598118305
1147.254516602	2.588913441
1149.272949219	2.582776785
1151.291259766	2.573572159
1153.309570312	2.564367294
1157.346191406	2.542889595
1159.364501953	2.530616283
1161.382812500	2.524479866
1163.401245117	2.521411657
