-5.207428932	3.948152542
-5.207428932	3.948152542
-3.189106941	3.951220751
-1.170784593	3.945084333
-1.170784593	3.945084333
0.847537696	3.945084333
2.865859985	3.942015886
2.865859985	3.942015886
4.884182453	3.938947916
6.902504921	3.938947916
6.902504921	3.938947916
8.920826912	3.932811260
10.939149857	3.932811260
10.939149857	3.932811260
12.957471848	3.929743052
14.975793839	3.926674843
14.975793839	3.926674843
16.994115829	3.926674843
19.012437820	3.920538187
21.030761719	3.920538187
21.030761719	3.920538187
23.049083710	3.917469978
25.067403793	3.914401770
25.067403793	3.914401770
27.085727692	3.914401770
29.104051590	3.911333323
29.104051590	3.911333323
31.122371674	3.908265114
33.140693665	3.908265114
33.140693665	3.908265114
35.159015656	3.902128458
37.177337646	3.902128458
37.177337646	3.902128458
39.195663452	3.899060488
41.213981628	3.895992041
41.213981628	3.895992041
43.232307434	3.895992041
45.250625610	3.892923832
45.250625610	3.892923832
47.268951416	3.889855623
49.287273407	3.889855623
49.287273407	3.889855623
51.305599213	3.883718967
53.323917389	3.883718967
53.323917389	3.883718967
55.342239380	3.883718967
57.360561371	3.877582550
57.360561371	3.877582550
59.378887177	3.877582550
61.397205353	3.874514341
61.397205353	3.874514341
63.415527344	3.871446133
65.433853149	3.871446133
65.433853149	3.871446133
67.452171326	3.868377686
69.470497131	3.865309477
71.488815308	3.865309477
71.488815308	3.865309477
73.507141113	3.862241268
75.525459290	3.859173059
75.525459290	3.859173059
77.543785095	3.859173059
79.562110901	3.856104612
79.562110901	3.856104612
81.580429077	3.853036642
83.598747253	3.853036642
83.598747253	3.853036642
85.617080688	3.849968195
87.635398865	3.846899986
87.635398865	3.846899986
89.653717041	3.846899986
91.672042847	3.843831778
91.672042847	3.843831778
93.690368652	3.840763330
95.708686829	3.840763330
95.708686829	3.840763330
97.727005005	3.837695122
99.745330811	3.834626913
99.745330811	3.834626913
101.763656616	3.834626913
103.781974792	3.831558704
103.781974792	3.831558704
105.800292969	3.828490257
107.818618774	3.828490257
107.818618774	3.828490257
109.836944580	3.825422049
111.855270386	3.822353840
111.855270386	3.822353840
113.873588562	3.822353840
115.891906738	3.819285631
115.891906738	3.819285631
117.910232544	3.816217422
119.928550720	3.816217422
121.946868896	3.813149214
121.946868896	3.813149214
123.965202332	3.810080767
125.983520508	3.810080767
125.983520508	3.810080767
128.001846313	3.807012558
130.020172119	3.803944349
130.020172119	3.803944349
132.038482666	3.803944349
134.056808472	3.803944349
134.056808472	3.803944349
136.075134277	3.800875902
138.093460083	3.797807932
138.093460083	3.797807932
140.111785889	3.797807932
142.130096436	3.794739485
142.130096436	3.794739485
144.148422241	3.791671276
146.166748047	3.791671276
146.166748047	3.791671276
148.185058594	3.788603067
150.203384399	3.785534620
150.203384399	3.785534620
152.221710205	3.785534620
154.240036011	3.785534620
154.240036011	3.785534620
156.258361816	3.782466412
158.276672363	3.779398203
158.276672363	3.779398203
160.294998169	3.779398203
162.313323975	3.776329994
162.313323975	3.776329994
164.331634521	3.773261786
166.349975586	3.773261786
166.349975586	3.773261786
168.368286133	3.770193338
170.386611938	3.767125130
172.404937744	3.767125130
172.404937744	3.767125130
174.423248291	3.767125130
176.441574097	3.764056921
176.441574097	3.764056921
178.459899902	3.760988712
180.478225708	3.760988712
180.478225708	3.760988712
182.496551514	3.757920504
184.514862061	3.754852057
184.514862061	3.754852057
186.533187866	3.754852057
188.551513672	3.754852057
188.551513672	3.754852057
190.569824219	3.751783848
192.588165283	3.748715639
208.734725952	3.736442566
210.753051758	3.736442566
212.771362305	3.733374357
216.808029175	3.730306149
218.826339722	3.730306149
220.844680786	3.727237940
224.881317139	3.724169493
226.899642944	3.724169493
228.917953491	3.721101284
232.954589844	3.718033075
234.972930908	3.714964867
236.991241455	3.714964867
241.027908325	3.711896420
243.046218872	3.708828211
245.064544678	3.708828211
249.101181030	3.705760002
251.119491577	3.702691555
253.137832642	3.702691555
255.156158447	3.699623585
259.192810059	3.699623585
261.211120605	3.696555138
263.229431152	3.693486929
267.266082764	3.693486929
269.284423828	3.690418720
271.302734375	3.687350512
275.339355469	3.687350512
277.357696533	3.684282303
279.376007080	3.681213856
283.412658691	3.681213856
285.430969238	3.678145647
287.449310303	3.678145647
291.485961914	3.675077438
293.504272461	3.675077438
295.522583008	3.672008991
299.559234619	3.668941021
301.577575684	3.668941021
303.595886230	3.665872574
307.632507324	3.662804365
309.650848389	3.662804365
311.669189453	3.662804365
315.705810547	3.659736156
317.724121094	3.656667709
319.742462158	3.656667709
323.779113770	3.653599739
325.797424316	3.650531292
327.815734863	3.650531292
331.852386475	3.650531292
333.870727539	3.647463083
335.889038086	3.644394875
339.925689697	3.644394875
341.944000244	3.644394875
343.962341309	3.641326666
347.998962402	3.638258219
350.017272949	3.638258219
352.035614014	3.638258219
354.053955078	3.635190010
358.090576172	3.632121563
360.108886719	3.632121563
362.127227783	3.632121563
366.163879395	3.629053593
368.182220459	3.625985146
370.200500488	3.625985146
374.237152100	3.625985146
376.255493164	3.622916937
378.273803711	3.622916937
382.310455322	3.619848728
384.328765869	3.619848728
386.347106934	3.616780519
390.383758545	3.613712311
392.402069092	3.613712311
394.420379639	3.613712311
398.457031250	3.610643864
400.475372314	3.610643864
402.493652344	3.607575655
406.530334473	3.607575655
408.548645020	3.607575655
410.566955566	3.607575655
414.603607178	3.604507446
416.621917725	3.601439238
418.640228271	3.601439238
422.676910400	3.601439238
424.695190430	3.598371029
426.713562012	3.598371029
430.750183105	3.595302582
432.768493652	3.595302582
434.786834717	3.595302582
438.823455811	3.592234135
440.841827393	3.592234135
442.860137939	3.589166164
446.896728516	3.589166164
448.915100098	3.589166164
450.933410645	3.589166164
452.951721191	3.586097717
456.988372803	3.586097717
459.006683350	3.583029747
461.024993896	3.583029747
465.061676025	3.583029747
467.079986572	3.583029747
469.098327637	3.579961300
473.134948730	3.579961300
475.153289795	3.576893091
477.171600342	3.576893091
481.208221436	3.576893091
483.226593018	3.576893091
485.244903564	3.573824883
489.281555176	3.573824883
491.299865723	3.570756435
493.318176270	3.570756435
497.354827881	3.570756435
499.373138428	3.570756435
501.391448975	3.570756435
505.428131104	3.567688227
507.446441650	3.567688227
509.464752197	3.567688227
513.501403809	3.564620018
515.519714355	3.564620018
517.538085938	3.564620018
521.574707031	3.564620018
523.593017578	3.564620018
525.611328125	3.561551809
529.647949219	3.561551809
531.666320801	3.561551809
533.684631348	3.558483601
537.721252441	3.558483601
539.739624023	3.558483601
541.757934570	3.558483601
545.794555664	3.558483601
547.812866211	3.558483601
549.831176758	3.555415154
551.849487305	3.555415154
555.886169434	3.555415154
557.904479980	3.555415154
559.922851562	3.552346945
563.959472656	3.552346945
565.977783203	3.552346945
567.996093750	3.552346945
572.032714844	3.552346945
574.051086426	3.552346945
576.069396973	3.552346945
580.106018066	3.552346945
582.124389648	3.549278736
584.142700195	3.549278736
588.179321289	3.549278736
590.197631836	3.549278736
592.215942383	3.549278736
608.362548828	3.546210289
612.399169922	3.546210289
616.435852051	3.546210289
618.454162598	3.546210289
622.490783691	3.546210289
626.527465820	3.546210289
630.564086914	3.543142319
634.600708008	3.543142319
636.619018555	3.543142319
640.655700684	3.543142319
644.692382812	3.543142319
648.729003906	3.540073872
652.765625000	3.540073872
654.783935547	3.540073872
658.820617676	3.540073872
662.857238770	3.540073872
666.893920898	3.540073872
670.930541992	3.540073872
672.948913574	3.540073872
676.985473633	3.537005901
681.022155762	3.537005901
685.058776855	3.537005901
689.095458984	3.537005901
691.113769531	3.533937454
695.150451660	3.533937454
699.187011719	3.533937454
703.223693848	3.533937454
707.260314941	3.533937454
709.278686523	3.533937454
713.315307617	3.533937454
717.351989746	3.530869246
721.388549805	3.530869246
725.425231934	3.530869246
729.461914062	3.527800798
731.480224609	3.527800798
735.516845703	3.527800798
739.553527832	3.527800798
743.590148926	3.527800798
747.626770020	3.527800798
749.645080566	3.527800798
753.681762695	3.524732590
757.718444824	3.524732590
761.755065918	3.521664381
765.791687012	3.521664381
767.809997559	3.521664381
771.846679688	3.521664381
775.883300781	3.521664381
779.919982910	3.521664381
783.956604004	3.518596172
785.974914551	3.518596172
790.011535645	3.518596172
794.048217773	3.515527725
798.084838867	3.515527725
802.121459961	3.515527725
804.139831543	3.515527725
808.176391602	3.515527725
812.213134766	3.512459755
816.249755859	3.512459755
820.286376953	3.509391308
824.323059082	3.509391308
826.341369629	3.509391308
830.377929688	3.509391308
834.414672852	3.509391308
838.451293945	3.506323099
842.487915039	3.506323099
844.506286621	3.506323099
848.542907715	3.503254890
852.579589844	3.503254890
856.616210938	3.503254890
860.652832031	3.503254890
862.671203613	3.500186443
866.707824707	3.500186443
870.744445801	3.497118473
874.781127930	3.497118473
878.817749023	3.497118473
880.836120605	3.497118473
884.872741699	3.494050026
888.909362793	3.494050026
892.945983887	3.490981817
896.982666016	3.490981817
899.000915527	3.490981817
903.037658691	3.490981817
907.074279785	3.487913609
911.110900879	3.487913609
915.147521973	3.484845161
917.165832520	3.484845161
921.202453613	3.484845161
925.239196777	3.481776953
929.275817871	3.481776953
933.312438965	3.478708744
937.349121094	3.478708744
939.367370605	3.478708744
943.403991699	3.475640535
947.440734863	3.475640535
951.477355957	3.472572327
955.513977051	3.472572327
957.532287598	3.472572327
961.568908691	3.469503880
965.605651855	3.469503880
969.642272949	3.466435909
973.678894043	3.466435909
975.697204590	3.466435909
979.733825684	3.463367462
983.770446777	3.460299015
987.807189941	3.460299015
991.843811035	3.460299015
993.862182617	3.457231045
997.898742676	3.457231045
1001.935363770	3.454162598
1005.971984863	3.454162598
1010.008728027	3.451094389
1012.026977539	3.451094389
1016.063720703	3.448026180
1020.100280762	3.448026180
1024.136962891	3.444957972
1028.173583984	3.441889524
1032.210205078	3.441889524
1034.228515625	3.441889524
1038.265258789	3.438821316
1042.301879883	3.435753107
1046.338500977	3.435753107
1050.375122070	3.432684898
1052.393432617	3.432684898
1056.430175781	3.429616451
1060.466796875	3.429616451
1064.503417969	3.426548481
1068.540039062	3.423480034
1070.558349609	3.423480034
1074.594970703	3.420411825
1078.631713867	3.417343616
1082.668334961	3.417343616
1086.704956055	3.414275169
1088.723266602	3.411206961
1092.759887695	3.411206961
1096.796508789	3.408138752
1100.833251953	3.405070543
1104.869873047	3.405070543
1106.888183594	3.402002335
1110.924804688	3.398933887
1114.961425781	3.398933887
1118.998046875	3.395865679
1123.034790039	3.392797470
1125.052978516	3.392797470
1129.089721680	3.389729261
1133.126342773	3.389729261
1147.254516602	3.374387980
1149.272949219	3.374387980
1151.291259766	3.374387980
1155.327880859	3.371319532
1157.346191406	3.368251324
1161.382812500	3.365183115
1163.401245117	3.365183115
1165.419433594	3.362114906
1169.456176758	3.359046698
1171.474487305	3.359046698
1175.511108398	3.355978251
1177.529418945	3.352910042
1179.547729492	3.349841833
1183.584350586	3.349841833
1185.602783203	3.346773624
1189.639404297	3.343705416
1191.657714844	3.340637207
1193.676025391	3.340637207
1197.712646484	3.337568760
1199.730957031	3.334500551
1201.749267578	3.331432104
1205.785888672	3.328364134
1207.804321289	3.325295687
1211.840942383	3.322227478
1213.859252930	3.319159269
1215.877563477	3.319159269
1219.914306641	3.313022614
1221.932495117	3.313022614
1225.969238281	3.306886196
1227.987426758	3.306886196
1230.005859375	3.303817987
1234.042480469	3.300749779
1236.060791016	3.297681570
1240.097412109	3.294613123
1242.115722656	3.288476706
1244.134033203	3.288476706
1248.170776367	3.282340050
1250.188964844	3.282340050
1252.207397461	3.276203632
1256.244018555	3.273135424
1258.262329102	3.270067215
1262.298950195	3.263930559
1264.317382812	3.263930559
1266.335571289	3.257794142
1270.372314453	3.251657486
1272.390502930	3.251657486
1276.427246094	3.245520830
1278.445556641	3.239384413
1280.463867188	3.239384413
1284.500488281	3.233247995
1286.518798828	3.227111340
1290.555419922	3.220974922
1292.573852539	3.214838266
1294.592041016	3.214838266
1298.628784180	3.205633640
1300.647094727	3.202565193
1302.665405273	3.196428776
1306.702026367	3.190292358
1308.720458984	3.184155941
1312.756958008	3.174950838
1314.775390625	3.168814421
1316.793701172	3.162678003
1320.830322266	3.150404930
1322.848632812	3.144268513
1326.885375977	3.131995440
1328.903564453	3.125858784
1330.921875000	3.119722366
1334.958496094	3.104381084
1336.976928711	3.092108011
1341.013549805	3.067561865
1343.031860352	3.055289030
1345.050292969	3.049152374
