4.884182453	3.963493824
4.884182453	3.963493824
6.902504921	3.963493824
8.920826912	3.960425615
8.920826912	3.960425615
10.939149857	3.957357168
12.957471848	3.954289198
12.957471848	3.954289198
14.975793839	3.954289198
14.975793839	3.954289198
16.994115829	3.954289198
19.012437820	3.948152542
19.012437820	3.948152542
21.030761719	3.948152542
23.049083710	3.945084333
23.049083710	3.945084333
25.067403793	3.942015886
27.085727692	3.942015886
27.085727692	3.942015886
29.104051590	3.938947916
31.122371674	3.938947916
31.122371674	3.938947916
33.140693665	3.935879469
33.140693665	3.935879469
35.159015656	3.932811260
37.177337646	3.932811260
37.177337646	3.932811260
39.195663452	3.929743052
41.213981628	3.926674843
41.213981628	3.926674843
43.232307434	3.926674843
45.250625610	3.926674843
45.250625610	3.926674843
47.268951416	3.923606396
47.268951416	3.923606396
49.287273407	3.920538187
51.305599213	3.920538187
51.305599213	3.920538187
53.323917389	3.917469978
55.342239380	3.914401770
55.342239380	3.914401770
57.360561371	3.914401770
59.378887177	3.914401770
59.378887177	3.914401770
61.397205353	3.911333323
63.415527344	3.908265114
63.415527344	3.908265114
65.433853149	3.908265114
65.433853149	3.908265114
67.452171326	3.908265114
69.470497131	3.905196905
69.470497131	3.905196905
71.488815308	3.902128458
73.507141113	3.902128458
73.507141113	3.902128458
75.525459290	3.899060488
77.543785095	3.895992041
77.543785095	3.895992041
79.562110901	3.895992041
81.580429077	3.895992041
81.580429077	3.895992041
83.598747253	3.892923832
83.598747253	3.892923832
85.617080688	3.889855623
87.635398865	3.889855623
87.635398865	3.889855623
89.653717041	3.889855623
91.672042847	3.886787415
91.672042847	3.886787415
93.690368652	3.883718967
95.708686829	3.883718967
95.708686829	3.883718967
97.727005005	3.880650759
99.745330811	3.880650759
99.745330811	3.880650759
101.763656616	3.877582550
101.763656616	3.877582550
103.781974792	3.877582550
105.800292969	3.874514341
105.800292969	3.874514341
107.818618774	3.871446133
109.836944580	3.871446133
109.836944580	3.871446133
111.855270386	3.871446133
113.873588562	3.868377686
113.873588562	3.868377686
115.891906738	3.865309477
115.891906738	3.865309477
117.910232544	3.865309477
119.928550720	3.865309477
119.928550720	3.865309477
121.946868896	3.862241268
123.965202332	3.859173059
123.965202332	3.859173059
125.983520508	3.859173059
128.001846313	3.859173059
128.001846313	3.859173059
130.020172119	3.856104612
132.038482666	3.853036642
132.038482666	3.853036642
134.056808472	3.853036642
134.056808472	3.853036642
136.075134277	3.853036642
138.093460083	3.849968195
138.093460083	3.849968195
140.111785889	3.846899986
142.130096436	3.846899986
142.130096436	3.846899986
144.148422241	3.846899986
146.166748047	3.843831778
146.166748047	3.843831778
148.185058594	3.840763330
150.203384399	3.840763330
150.203384399	3.840763330
152.221710205	3.840763330
152.221710205	3.840763330
154.240036011	3.837695122
156.258361816	3.834626913
156.258361816	3.834626913
158.276672363	3.834626913
160.294998169	3.834626913
160.294998169	3.834626913
162.313323975	3.831558704
164.331634521	3.828490257
164.331634521	3.828490257
166.349975586	3.828490257
166.349975586	3.828490257
168.368286133	3.828490257
170.386611938	3.825422049
170.386611938	3.825422049
172.404937744	3.822353840
174.423248291	3.822353840
174.423248291	3.822353840
176.441574097	3.822353840
178.459899902	3.819285631
178.459899902	3.819285631
180.478225708	3.816217422
182.496551514	3.816217422
182.496551514	3.816217422
184.514862061	3.816217422
184.514862061	3.816217422
186.533187866	3.813149214
188.551513672	3.810080767
188.551513672	3.810080767
190.569824219	3.810080767
192.588165283	3.810080767
208.734725952	3.797807932
214.789703369	3.791671276
220.844680786	3.788603067
224.881317139	3.785534620
230.936294556	3.779398203
236.991241455	3.776329994
241.027908325	3.773261786
247.082855225	3.770193338
253.137832642	3.767125130
257.174468994	3.760988712
263.229431152	3.757920504
269.284423828	3.754852057
273.321044922	3.751783848
279.376007080	3.748715639
285.430969238	3.742578983
289.467620850	3.742578983
295.522583008	3.736442566
301.577575684	3.733374357
305.614196777	3.730306149
311.669189453	3.727237940
317.724121094	3.724169493
321.760772705	3.721101284
327.815734863	3.718033075
333.870727539	3.711896420
337.907348633	3.711896420
343.962341309	3.705760002
350.017272949	3.702691555
354.053955078	3.699623585
360.108886719	3.696555138
366.163879395	3.693486929
370.200500488	3.693486929
376.255493164	3.687350512
382.310455322	3.684282303
386.347106934	3.681213856
392.402069092	3.678145647
398.457031250	3.675077438
402.493652344	3.675077438
408.548645020	3.668941021
414.603607178	3.668941021
418.640228271	3.665872574
424.695190430	3.662804365
430.750183105	3.656667709
434.786834717	3.656667709
440.841827393	3.653599739
446.896728516	3.650531292
450.933410645	3.647463083
456.988372803	3.644394875
463.043365479	3.644394875
467.079986572	3.641326666
473.134948730	3.638258219
479.189910889	3.635190010
483.226593018	3.632121563
489.281555176	3.632121563
495.336486816	3.625985146
499.373138428	3.625985146
505.428131104	3.622916937
511.483093262	3.619848728
515.519714355	3.619848728
521.574707031	3.616780519
527.629638672	3.613712311
531.666320801	3.613712311
537.721252441	3.610643864
543.776245117	3.607575655
547.812866211	3.607575655
553.867858887	3.604507446
559.922851562	3.601439238
563.959472656	3.601439238
570.014404297	3.601439238
576.069396973	3.598371029
580.106018066	3.595302582
586.161010742	3.595302582
592.215942383	3.592234135
644.692382812	3.573824883
646.710693359	3.583029747
648.729003906	3.579961300
650.747314453	3.579961300
652.765625000	3.579961300
654.783935547	3.579961300
656.802246094	3.579961300
658.820617676	3.579961300
660.838928223	3.579961300
662.857238770	3.579961300
664.875549316	3.576893091
666.893920898	3.576893091
668.912231445	3.576893091
670.930541992	3.576893091
672.948913574	3.576893091
674.967163086	3.576893091
676.985473633	3.576893091
679.003784180	3.576893091
681.022155762	3.576893091
683.040466309	3.576893091
685.058776855	3.576893091
687.077148438	3.576893091
689.095458984	3.576893091
691.113769531	3.576893091
693.132080078	3.576893091
695.150451660	3.576893091
697.168701172	3.576893091
699.187011719	3.576893091
701.205383301	3.573824883
703.223693848	3.573824883
705.242004395	3.573824883
707.260314941	3.573824883
709.278686523	3.573824883
711.296997070	3.573824883
713.315307617	3.573824883
715.333679199	3.573824883
719.370239258	3.570756435
721.388549805	3.570756435
723.406921387	3.570756435
725.425231934	3.570756435
727.443542480	3.570756435
729.461914062	3.570756435
731.480224609	3.570756435
733.498535156	3.570756435
735.516845703	3.570756435
737.535217285	3.570756435
739.553527832	3.570756435
741.571777344	3.570756435
743.590148926	3.570756435
745.608459473	3.570756435
747.626770020	3.570756435
749.645080566	3.570756435
751.663452148	3.570756435
753.681762695	3.567688227
755.700073242	3.567688227
757.718444824	3.567688227
759.736755371	3.567688227
761.755065918	3.567688227
763.773315430	3.567688227
765.791687012	3.567688227
767.809997559	3.567688227
769.828308105	3.567688227
771.846679688	3.564620018
773.864990234	3.564620018
775.883300781	3.564620018
777.901611328	3.564620018
779.919982910	3.564620018
781.938293457	3.564620018
783.956604004	3.564620018
785.974914551	3.564620018
787.993225098	3.564620018
790.011535645	3.564620018
808.176391602	3.561551809
812.213134766	3.561551809
816.249755859	3.561551809
820.286376953	3.561551809
824.323059082	3.558483601
828.359680176	3.558483601
832.396301270	3.558483601
836.432922363	3.558483601
840.469665527	3.558483601
844.506286621	3.558483601
848.542907715	3.558483601
852.579589844	3.555415154
856.616210938	3.555415154
860.652832031	3.555415154
864.689453125	3.555415154
868.726135254	3.552346945
872.762756348	3.552346945
876.799377441	3.552346945
880.836120605	3.552346945
884.872741699	3.552346945
888.909362793	3.552346945
892.945983887	3.552346945
896.982666016	3.549278736
901.019287109	3.549278736
905.055908203	3.549278736
909.092590332	3.549278736
913.129211426	3.546210289
917.165832520	3.546210289
921.202453613	3.546210289
925.239196777	3.546210289
929.275817871	3.546210289
933.312438965	3.546210289
937.349121094	3.546210289
941.385742188	3.543142319
945.422363281	3.543142319
949.458984375	3.543142319
955.513977051	3.540073872
959.550659180	3.540073872
963.587280273	3.540073872
967.623901367	3.540073872
971.660644531	3.540073872
975.697204590	3.540073872
979.733825684	3.537005901
983.770446777	3.537005901
987.807189941	3.537005901
991.843811035	3.533937454
995.880432129	3.533937454
999.917114258	3.533937454
1003.953735352	3.533937454
1007.990356445	3.533937454
1012.026977539	3.530869246
1016.063720703	3.530869246
1020.100280762	3.530869246
1024.136962891	3.527800798
1028.173583984	3.527800798
1032.210205078	3.527800798
1036.246826172	3.518596172
1040.283447266	3.518596172
1044.320190430	3.521664381
1048.356811523	3.524732590
1052.393432617	3.524732590
1056.430175781	3.521664381
1060.466796875	3.521664381
1064.503417969	3.521664381
1068.540039062	3.521664381
1072.576660156	3.518596172
1076.613281250	3.518596172
1080.649902344	3.518596172
1084.686645508	3.515527725
1088.723266602	3.515527725
1092.759887695	3.515527725
1096.796508789	3.515527725
1100.833251953	3.512459755
1104.869873047	3.512459755
1108.906494141	3.509391308
1112.943115234	3.509391308
1116.979736328	3.509391308
1121.016357422	3.506323099
1125.052978516	3.506323099
1129.089721680	3.503254890
1133.126342773	3.503254890
1137.162963867	3.503254890
1141.199707031	3.500186443
1145.236328125	3.500186443
1149.272949219	3.497118473
1153.309570312	3.497118473
1157.346191406	3.497118473
1161.382812500	3.494050026
1165.419433594	3.494050026
1169.456176758	3.490981817
1173.492797852	3.490981817
1177.529418945	3.487913609
1181.566040039	3.487913609
1185.602783203	3.484845161
1189.639404297	3.484845161
1193.676025391	3.481776953
1197.712646484	3.478708744
1201.749267578	3.478708744
1205.785888672	3.478708744
1209.822509766	3.475640535
1213.859252930	3.472572327
1217.895874023	3.472572327
1221.932495117	3.469503880
1225.969238281	3.466435909
1230.005859375	3.466435909
1234.042480469	3.463367462
1238.079101562	3.460299015
1242.115722656	3.457231045
1246.152343750	3.454162598
1252.207397461	3.451094389
1256.244018555	3.448026180
1260.280639648	3.448026180
1264.317382812	3.441889524
1268.353881836	3.441889524
1272.390502930	3.435753107
1276.427246094	3.435753107
1280.463867188	3.429616451
1284.500488281	3.429616451
1288.537109375	3.423480034
1292.573852539	3.420411825
1296.610473633	3.417343616
1300.647094727	3.411206961
1304.683837891	3.411206961
1308.720458984	3.405070543
1312.756958008	3.398933887
1316.793701172	3.392797470
1320.830322266	3.389729261
1324.866943359	3.386661053
1328.903564453	3.380524635
1332.940307617	3.374387980
1336.976928711	3.368251324
1341.013549805	3.362114906
1345.050292969	3.349841833
1349.086914062	3.343705416
1353.123535156	3.337568760
1357.160034180	3.325295687
1361.196777344	3.316091061
1365.233398438	3.306886196
1369.270019531	3.291544914
1373.306762695	3.279271841
1377.343383789	3.266998768
1381.380004883	3.251657486
1385.416625977	3.230179787
1389.453369141	3.208701849
1393.489990234	3.181087494
1398.363281250	3.152866125
1403.600463867	3.113057137
1406.219238281	3.065286636
1408.837890625	3.025477648
641.571166992	3.582802534
638.952514648	3.582802534
636.333801270	3.582802534
631.096496582	3.582802534
628.477844238	3.582802534
625.859191895	3.582802534
623.240539551	3.582802534
620.621948242	3.582802534
615.384521484	3.582802534
610.147216797	3.590764284
604.909973145	3.590764284
602.291259766	3.590764284
597.053955078	3.590764284
