3.913817406	3.822111607
6.384471893	3.822111607
8.855126381	3.813308716
11.325780869	3.804505587
16.267091751	3.792768002
18.737745285	3.786899328
21.208400726	3.781030416
23.679054260	3.769292831
28.620361328	3.757555246
31.091016769	3.751686573
33.561672211	3.745817661
36.032325745	3.739948988
38.502979279	3.734080315
43.444290161	3.722342730
45.914943695	3.713539600
48.385601044	3.707670927
50.856254578	3.701802015
55.797561646	3.692998886
58.268218994	3.687129974
60.738872528	3.681261301
63.209526062	3.678326845
68.150833130	3.666589499
70.621490479	3.660720587
73.092147827	3.654851913
75.562797546	3.654851913
80.504112244	3.643114328
82.974761963	3.640179873
85.445419312	3.637245655
87.916076660	3.631376743
90.386726379	3.628442526
95.328033447	3.622573853
97.798690796	3.622573853
100.269348145	3.616704702
102.739997864	3.616704702
107.681312561	3.616704702
110.151962280	3.610836029
112.622619629	3.610836029
115.093276978	3.610836029
120.034584045	3.604967356
122.505241394	3.604967356
124.975891113	3.604967356
127.446548462	3.604967356
132.387863159	3.599098682
134.858505249	3.599098682
137.329162598	3.599098682
139.799819946	3.599098682
144.741134644	3.599098682
147.211776733	3.593229771
149.682434082	3.593229771
152.153091431	3.593229771
154.623748779	3.593229771
159.565063477	3.593229771
162.035705566	3.587361097
164.506362915	3.587361097
166.977020264	3.587361097
171.918334961	3.587361097
174.388992310	3.587361097
176.859634399	3.584426641
179.330291748	3.581492424
184.271606445	3.581492424
186.742263794	3.581492424
189.212905884	3.581492424
191.683563232	3.581492424
196.624877930	3.575623512
199.095535278	3.575623512
201.566192627	3.575623512
204.036834717	3.575623512
206.507492065	3.575623512
211.448806763	3.575623512
213.919464111	3.572689056
216.390106201	3.569754601
218.860763550	3.569754601
223.802078247	3.569754601
226.272735596	3.569754601
228.743392944	3.569754601
231.214035034	3.566820383
236.155349731	3.563885927
238.626007080	3.563885927
241.096664429	3.563885927
243.567321777	3.563885927
248.508621216	3.563885927
250.979278564	3.560951710
253.449920654	3.560951710
255.920593262	3.558017254
260.861907959	3.558017254
263.332550049	3.558017254
265.803192139	3.558017254
268.273864746	3.558017254
270.744506836	3.558017254
275.685821533	3.552148581
278.156494141	3.552148581
280.627136230	3.552148581
283.097778320	3.552148581
288.039093018	3.552148581
290.509765625	3.552148581
292.980407715	3.552148581
295.451049805	3.549214125
300.392364502	3.546279669
302.863037109	3.546279669
305.333679199	3.546279669
307.804321289	3.546279669
312.745635986	3.546279669
315.216308594	3.546279669
317.686950684	3.543345451
320.157592773	3.540410995
322.628265381	3.540410995
327.569580078	3.540410995
330.040222168	3.540410995
332.510894775	3.540410995
334.981536865	3.540410995
339.922851562	3.540410995
342.393493652	3.537476540
344.864166260	3.537476540
347.334808350	3.534542084
352.276123047	3.534542084
354.746765137	3.534542084
357.217437744	3.534542084
359.688079834	3.534542084
364.629394531	3.534542084
367.100036621	3.534542084
369.570709229	3.531607866
372.041351318	3.528673410
376.982666016	3.528673410
379.453308105	3.528673410
381.923980713	3.528673410
384.394622803	3.528673410
386.865295410	3.528673410
391.806579590	3.525738955
394.277252197	3.525738955
396.747894287	3.522804499
399.218566895	3.522804499
404.159851074	3.522804499
406.630523682	3.522804499
409.101165771	3.522804499
411.571838379	3.522804499
416.513153076	3.519870281
418.983795166	3.519870281
421.454437256	3.516935825
423.925109863	3.516935825
428.866424561	3.516935825
431.337066650	3.516935825
433.807708740	3.516935825
436.278381348	3.516935825
438.749023438	3.514001608
443.690338135	3.511066914
446.160980225	3.511066914
448.631652832	3.511066914
451.102294922	3.511066914
456.043609619	3.511066914
458.514251709	3.511066914
460.984924316	3.511066914
463.455566406	3.508132696
468.396881104	3.505198479
470.867553711	3.505198479
473.338195801	3.505198479
475.808837891	3.505198479
480.750152588	3.505198479
483.220825195	3.505198479
485.691467285	3.505198479
488.162109375	3.499329567
493.103424072	3.499329567
495.574096680	3.499329567
498.044738770	3.499329567
500.515411377	3.499329567
502.986022949	3.499329567
507.927368164	3.499329567
510.398040771	3.496395111
512.868652344	3.493460894
515.339294434	3.493460894
520.280578613	3.493460894
522.751281738	3.493460894
525.221923828	3.493460894
527.692565918	3.493460894
532.633911133	3.493460894
535.104553223	3.493460894
537.575195312	3.493460894
540.045837402	3.490526438
544.987121582	3.487591982
547.457824707	3.487591982
549.928466797	3.487591982
552.399169922	3.487591982
554.869750977	3.487591982
559.811096191	3.487591982
562.281738281	3.487591982
564.752380371	3.481723309
567.223083496	3.481723309
572.164367676	3.481723309
574.635009766	3.481723309
577.105712891	3.481723309
579.576293945	3.481723309
584.517639160	3.481723309
586.988281250	3.478788853
589.458923340	3.475854397
591.929626465	3.475854397
596.870910645	3.475854397
599.341552734	3.475854397
601.812255859	3.475854397
604.282836914	3.472919941
609.224182129	3.472919941
611.694824219	3.469985723
614.165466309	3.469985723
616.636169434	3.469985723
619.106811523	3.469985723
624.048095703	3.469985723
626.518798828	3.469985723
628.989379883	3.467051506
631.460083008	3.467051506
636.401367188	3.464116812
638.872009277	3.464116812
641.342651367	3.464116812
643.813293457	3.464116812
648.754577637	3.464116812
651.225280762	3.461182594
653.695922852	3.461182594
656.166625977	3.458248138
661.107910156	3.458248138
663.578552246	3.458248138
666.049194336	3.458248138
668.519836426	3.458248138
670.990539551	3.458248138
675.931823730	3.455313683
678.402465820	3.452379465
680.873168945	3.452379465
683.343750000	3.452379465
688.285095215	3.452379465
690.755737305	3.452379465
693.226379395	3.452379465
695.697082520	3.449445009
700.638366699	3.446510792
703.109008789	3.446510792
705.579711914	3.446510792
708.050292969	3.446510792
712.991638184	3.446510792
715.462280273	3.446510792
717.932922363	3.443576336
720.403625488	3.440641880
725.344909668	3.440641880
727.815551758	3.440641880
730.286254883	3.440641880
732.756835938	3.440641880
735.227539062	3.440641880
740.168884277	3.437707424
742.639465332	3.434772968
745.110168457	3.434772968
747.580810547	3.434772968
752.522094727	3.434772968
754.992797852	3.434772968
757.463378906	3.434772968
759.934082031	3.431838751
764.875427246	3.428904295
767.346008301	3.428904295
769.816711426	3.428904295
772.287353516	3.428904295
777.228637695	3.428904295
779.699340820	3.428904295
782.169982910	3.425969839
784.640625000	3.423035622
787.111267090	3.423035622
792.052551270	3.423035622
794.523254395	3.423035622
796.993896484	3.423035622
799.464538574	3.423035622
804.405883789	3.420101166
806.876525879	3.417166710
809.347167969	3.417166710
811.817810059	3.417166710
816.759094238	3.417166710
819.229797363	3.417166710
821.700439453	3.414232492
824.171142578	3.414232492
829.112426758	3.411298037
831.583068848	3.411298037
834.053710938	3.411298037
836.524353027	3.411298037
841.465637207	3.408363581
843.936340332	3.408363581
846.406982422	3.405429363
848.877685547	3.405429363
851.348266602	3.405429363
856.289611816	3.405429363
858.760253906	3.405429363
861.230895996	3.402494907
863.701599121	3.402494907
868.642883301	3.399560690
871.113525391	3.399560690
873.584228516	3.399560690
876.054809570	3.399560690
880.996154785	3.396625996
883.466796875	3.393691540
885.937438965	3.393691540
888.408142090	3.393691540
893.349426270	3.393691540
895.820068359	3.393691540
898.290771484	3.393691540
900.761352539	3.390757322
903.232055664	3.387822866
908.173339844	3.387822866
910.643981934	3.387822866
913.114685059	3.387822866
915.585327148	3.387822866
920.526611328	3.384888649
922.997314453	3.381954193
925.467895508	3.381954193
927.938598633	3.381954193
932.879943848	3.381954193
935.350524902	3.381954193
937.821228027	3.379019737
940.291870117	3.376085520
945.233154297	3.376085520
947.703857422	3.376085520
950.174438477	3.376085520
952.645141602	3.376085520
957.586486816	3.370216608
960.057067871	3.370216608
962.527770996	3.370216608
964.998413086	3.370216608
967.469055176	3.370216608
972.410400391	3.367282391
974.881042480	3.364347935
977.351684570	3.364347935
979.822326660	3.364347935
984.763610840	3.364347935
987.234313965	3.364347935
989.704956055	3.361413479
992.175598145	3.358479023
997.116943359	3.358479023
999.587585449	3.358479023
1002.058288574	3.358479023
1004.528869629	3.355544806
1009.470214844	3.355544806
1011.940856934	3.352610350
1014.411437988	3.352610350
1016.882202148	3.352610350
1019.352783203	3.352610350
1024.294189453	3.346741438
1026.764770508	3.346741438
1029.235473633	3.346741438
1031.706054688	3.346741438
1036.647460938	3.346741438
1039.118041992	3.343807220
1041.588623047	3.340872765
1044.059448242	3.340872765
1049.000610352	3.340872765
1051.471313477	3.340872765
1053.942016602	3.340872765
1056.412597656	3.335004091
1061.353881836	3.335004091
1063.824584961	3.335004091
1066.295288086	3.335004091
1068.765869141	3.335004091
1073.707275391	3.329135418
1076.177856445	3.329135418
1078.648559570	3.329135418
1081.119140625	3.329135418
1083.589843750	3.326200962
1088.531127930	3.323266506
1091.001708984	3.323266506
1093.472534180	3.323266506
1095.943115234	3.323266506
1100.884399414	3.317397833
1103.355102539	3.317397833
1105.825683594	3.317397833
1108.296386719	3.317397833
1113.237792969	3.311528921
1115.708374023	3.311528921
1118.178955078	3.311528921
1120.649658203	3.311528921
1125.590942383	3.305660248
1128.061645508	3.305660248
1130.532226562	3.305660248
1133.002929688	3.305660248
1135.473632812	3.305660248
1140.414794922	3.299791336
1142.885620117	3.299791336
1145.356201172	3.299791336
1147.826782227	3.293922663
1152.768188477	3.293922663
1155.238891602	3.293922663
1157.709472656	3.293922663
1160.180053711	3.288053989
1165.121459961	3.288053989
1167.592041016	3.288053989
1170.062744141	3.282185078
1172.533447266	3.282185078
1177.474731445	3.279250622
1179.945312500	3.276316404
1182.416015625	3.276316404
1184.886718750	3.276316404
1187.357299805	3.270447731
1192.298706055	3.270447731
1194.769287109	3.264578819
1197.239990234	3.264578819
1199.710571289	3.261644363
1204.651977539	3.258710146
1207.122558594	3.255775690
1209.593139648	3.255775690
1212.063964844	3.252841473
1217.005126953	3.246972561
1219.475830078	3.246972561
1221.946533203	3.246972561
1224.417114258	3.241103649
1229.358398438	3.241103649
1231.829101562	3.235234976
1234.299804688	3.235234976
1236.770385742	3.235234976
1241.711791992	3.229366302
1244.182373047	3.229366302
1246.653076172	3.226431847
1249.123657227	3.223497629
1251.594360352	3.223497629
1256.535644531	3.217628479
1259.006225586	3.217628479
1261.477050781	3.214694262
1263.947631836	3.211760044
1268.888916016	3.208825588
1271.359619141	3.205891132
1273.830200195	3.205891132
1276.300903320	3.202956676
1281.242187500	3.200022459
1283.712890625	3.197088003
1286.183471680	3.194153547
1288.654174805	3.194153547
1293.595458984	3.188284874
1296.066162109	3.188284874
1298.536743164	3.182416201
1301.007446289	3.182416201
1303.478149414	3.179481745
1308.419311523	3.176547527
1310.890136719	3.173613071
1313.360717773	3.170678377
1315.831298828	3.170678377
1320.772705078	3.164809704
1323.243286133	3.161875725
1325.713989258	3.158941031
1328.184570312	3.156006813
1333.125976562	3.153072357
1335.596557617	3.150137901
1338.067260742	3.147203684
1340.537963867	3.144269228
1345.479248047	3.138400316
1347.949829102	3.135466099
1350.420532227	3.132531643
1352.891235352	3.129597187
1357.832397461	3.123728275
1360.303222656	3.120794058
1362.773803711	3.117859602
1365.244384766	3.114925385
1367.715087891	3.111990929
1372.656494141	3.106122255
1375.127075195	3.103187561
1377.597656250	3.100253344
1380.068481445	3.097318888
1385.009643555	3.088515759
1387.480346680	3.085581303
1389.951049805	3.082647085
1392.421630859	3.079712629
1397.362915039	3.073843956
1399.833618164	3.067975283
1402.304321289	3.062106371
1404.774902344	3.059172153
1409.716308594	3.050368786
1412.186889648	3.047434568
1414.657592773	3.044500113
1417.128173828	3.038631439
1419.598876953	3.032762527
1424.540161133	3.023959637
1427.010742188	3.021024942
1429.481445312	3.015156031
1431.952148438	3.009287357
1436.893432617	3.000483990
1439.364135742	2.997550011
1441.834716797	2.991681099
1444.305419922	2.985812426
1449.246704102	2.974075079
1451.717407227	2.968206167
1454.187988281	2.962337494
1456.658691406	2.956468821
1461.599975586	2.944731236
1464.070678711	2.938862324
1466.541259766	2.930059195
1469.011962891	2.924190044
1473.953247070	2.912452698
1476.423828125	2.906584024
1478.894531250	2.897780657
1481.365234375	2.888977766
1483.835815430	2.883109093
1488.777099609	2.868437052
1491.247802734	2.859633923
1493.718505859	2.850831032
1496.189086914	2.844962120
1501.130493164	2.824421406
1503.601074219	2.815618038
1506.071777344	2.806814909
1508.542358398	2.795077324
1513.483764648	2.777471304
1515.954345703	2.765733957
1518.425048828	2.756930590
1520.895751953	2.745193005
1525.836914062	2.721717834
1528.307617188	2.709980249
1530.778320312	2.698242903
1533.248901367	2.683571100
1535.719604492	2.671833515
1540.661010742	2.642489433
1543.131591797	2.627817631
1545.602172852	2.613145828
1548.072875977	2.595539331
1553.014160156	2.563261032
1555.484863281	2.545654774
1557.955444336	2.536851883
1560.426147461	2.528048754
