0.206000522	4.045363903
2.674767017	4.042432308
7.612299919	4.036568642
12.549833298	4.030705452
15.018600464	4.027773857
19.956132889	4.018979073
24.893665314	4.013115406
27.362432480	4.013115406
32.299964905	4.007252216
34.768730164	4.004320621
39.706264496	4.001389027
44.643798828	3.995525599
47.112564087	3.992593765
52.050098419	3.986730576
56.987632751	3.983798981
59.456398010	3.977935553
64.393928528	3.972072363
66.862693787	3.969140530
71.800231934	3.966208935
76.737762451	3.960345745
79.206527710	3.957414150
84.144065857	3.951550722
89.081596375	3.948618889
91.550361633	3.945687294
96.487892151	3.939823866
98.956657410	3.936892509
103.894195557	3.933960676
108.831726074	3.928097486
111.300498962	3.928097486
116.238029480	3.922234058
121.175559998	3.916370630
123.644332886	3.916370630
128.581863403	3.910507441
131.050628662	3.910507441
135.988159180	3.904644251
140.925689697	3.898780823
143.394454956	3.898780823
148.332000732	3.892917395
153.269531250	3.889985800
155.738296509	3.887054205
160.675827026	3.884122610
163.144592285	3.881190777
168.082122803	3.878259182
173.019668579	3.875327587
175.488433838	3.875327587
180.425964355	3.869464159
185.363479614	3.866532326
187.832244873	3.863600969
192.769790649	3.863600969
195.238555908	3.857737541
200.176086426	3.857737541
205.113616943	3.854805946
207.582382202	3.854805946
212.519927979	3.851874352
217.457458496	3.846010685
219.926223755	3.846010685
224.863754272	3.840147734
227.332519531	3.840147734
232.270065308	3.840147734
237.207595825	3.834284306
239.676361084	3.834284306
244.613891602	3.834284306
249.551422119	3.828420877
252.020187378	3.828420877
256.957702637	3.828420877
259.426483154	3.828420877
264.364044189	3.828420877
269.301574707	3.822557449
271.770324707	3.822557449
276.707855225	3.822557449
281.645385742	3.816694260
284.114166260	3.816694260
289.051696777	3.816694260
291.520446777	3.816694260
296.457977295	3.816694260
301.395507812	3.810831070
303.864257812	3.810831070
308.801818848	3.810831070
313.739349365	3.810831070
316.208099365	3.804967642
321.145629883	3.804967642
323.614379883	3.804967642
328.551910400	3.804967642
333.489471436	3.802036047
335.958251953	3.799104214
340.895782471	3.799104214
345.833312988	3.799104214
348.302062988	3.799104214
353.239593506	3.793241262
355.708374023	3.793241262
360.645904541	3.793241262
365.583435059	3.793241262
368.052185059	3.793241262
372.989746094	3.787377596
377.927276611	3.787377596
380.396026611	3.787377596
385.333557129	3.787377596
387.802337646	3.787377596
392.739868164	3.781514406
397.677398682	3.781514406
400.146148682	3.781514406
405.083679199	3.778582573
410.021209717	3.778582573
412.489990234	3.775650978
417.427551270	3.775650978
419.896301270	3.775650978
424.833831787	3.775650978
429.771362305	3.769787788
432.240142822	3.769787788
437.177673340	3.769787788
442.115173340	3.769787788
444.583953857	3.769787788
449.521484375	3.763924360
451.990234375	3.763924360
456.927795410	3.763924360
461.865325928	3.763924360
464.334106445	3.763924360
469.271636963	3.758061171
474.209167480	3.758061171
476.677917480	3.758061171
481.615447998	3.758061171
484.084228516	3.758061171
489.021759033	3.752197742
493.959289551	3.752197742
496.428039551	3.752197742
501.365600586	3.752197742
506.303131104	3.752197742
508.771911621	3.749266148
513.709411621	3.746334553
516.178161621	3.746334553
521.115722656	3.746334553
526.053222656	3.746334553
528.522033691	3.743402719
533.459533691	3.740471125
538.397094727	3.740471125
540.865844727	3.740471125
545.803344727	3.740471125
550.740905762	3.737539530
553.209655762	3.734607935
558.147216797	3.734607935
560.615966797	3.734607935
565.553527832	3.734607935
570.491088867	3.734607935
572.959838867	3.728744507
577.897399902	3.728744507
582.834899902	3.728744507
585.303649902	3.728744507
590.241210938	3.728744507
592.709960938	3.725812674
597.647460938	3.722881317
602.585021973	3.722881317
605.053771973	3.722881317
609.991333008	3.722881317
614.928833008	3.719949484
617.397583008	3.717017889
622.335144043	3.717017889
624.803894043	3.717017889
629.741455078	3.717017889
634.678955078	3.717017889
637.147705078	3.714086294
642.085266113	3.711154461
647.022827148	3.711154461
649.491638184	3.711154461
654.429138184	3.711154461
656.897888184	3.711154461
661.835449219	3.705291271
666.772949219	3.705291271
669.241699219	3.705291271
674.179260254	3.705291271
679.116760254	3.705291271
681.585571289	3.705291271
686.523071289	3.699428082
688.991821289	3.699428082
693.929382324	3.699428082
698.866882324	3.699428082
701.335693359	3.699428082
706.273193359	3.696496248
711.210754395	3.693564415
713.679504395	3.693564415
718.617004395	3.693564415
721.085815430	3.693564415
726.023315430	3.693564415
730.960876465	3.690632820
733.429687500	3.687701225
738.367187500	3.687701225
743.304748535	3.687701225
745.773498535	3.687701225
750.710998535	3.687701225
753.179809570	3.687701225
758.117309570	3.681838036
763.054870605	3.681838036
765.523620605	3.681838036
770.461120605	3.681838036
775.398681641	3.681838036
777.867431641	3.681838036
782.804992676	3.678906202
785.273742676	3.675974607
790.211242676	3.675974607
795.148803711	3.675974607
797.617553711	3.675974607
802.555053711	3.673043013
807.492614746	3.673043013
809.961364746	3.673043013
814.898986816	3.670111179
817.367736816	3.670111179
822.305236816	3.670111179
827.242797852	3.670111179
829.711547852	3.670111179
834.649108887	3.670111179
839.586608887	3.670111179
842.055358887	3.670111179
846.992919922	3.667179585
849.461669922	3.667179585
854.399230957	3.664247990
859.336730957	3.664247990
861.805480957	3.664247990
866.743041992	3.664247990
871.680541992	3.664247990
874.149291992	3.664247990
879.086853027	3.664247990
881.555603027	3.664247990
886.493164062	3.664247990
891.430664062	3.664247990
893.899414062	3.664247990
898.837036133	3.664247990
903.774536133	3.664247990
906.243347168	3.664247990
911.180847168	3.664247990
913.649597168	3.661316395
918.587158203	3.661316395
923.524658203	3.658384800
925.993469238	3.658384800
930.930969238	3.658384800
935.868530273	3.658384800
938.337280273	3.658384800
943.274780273	3.658384800
945.743530273	3.658384800
950.681091309	3.658384800
955.618591309	3.658384800
958.087402344	3.658384800
963.024902344	3.655452967
967.962463379	3.652521133
970.431213379	3.652521133
975.368713379	3.652521133
977.837524414	3.652521133
982.775085449	3.652521133
987.712646484	3.652521133
990.181396484	3.652521133
995.118896484	3.652521133
1000.056396484	3.649589777
1002.525207520	3.649589777
1007.462768555	3.649589777
1009.931457520	3.649589777
1014.868957520	3.646657944
1019.806518555	3.646657944
1022.275329590	3.646657944
1027.212890625	3.646657944
1032.150390625	3.646657944
1034.619262695	3.646657944
1039.556762695	3.643726349
1042.025390625	3.643726349
1046.963012695	3.640794754
1051.900512695	3.640794754
1054.369384766	3.640794754
1059.306884766	3.640794754
1064.244384766	3.640794754
1066.713134766	3.640794754
1071.650634766	3.637862921
1074.119506836	3.637862921
1079.057006836	3.634931326
1083.994506836	3.634931326
1086.463256836	3.634931326
1091.400756836	3.634931326
1096.338256836	3.634931326
1098.807128906	3.634931326
1103.744628906	3.631999731
1106.213500977	3.629067898
1111.151000977	3.629067898
1116.088500977	3.629067898
1118.557250977	3.629067898
1123.494750977	3.629067898
1128.432250977	3.629067898
1130.901123047	3.629067898
1135.838623047	3.623204708
1138.307373047	3.623204708
1143.244873047	3.623204708
1148.182373047	3.623204708
1150.651245117	3.623204708
1155.588745117	3.623204708
1160.526245117	3.620273113
1162.994995117	3.617341280
1167.932495117	3.617341280
1170.401367188	3.617341280
1175.338867188	3.617341280
1180.276367188	3.617341280
1182.745117188	3.617341280
1187.682617188	3.611478090
1192.620239258	3.611478090
1195.088989258	3.611478090
1212.370361328	3.605614662
1212.370361328	3.605614662
1214.839111328	3.605614662
1217.307983398	3.605614662
1219.776611328	3.605614662
1222.245483398	3.605614662
1224.714111328	3.605614662
1227.182983398	3.605614662
1227.182983398	3.605614662
1229.651733398	3.605614662
1232.120483398	3.602683067
1234.589233398	3.599751472
1237.057983398	3.599751472
1239.526733398	3.599751472
1239.526733398	3.599751472
1241.995605469	3.599751472
1244.464233398	3.599751472
1246.933105469	3.599751472
1249.401855469	3.599751472
1251.870605469	3.596819878
1254.339355469	3.593888044
1254.339355469	3.593888044
1256.808105469	3.593888044
1259.276855469	3.593888044
1261.745727539	3.593888044
1264.214355469	3.593888044
1266.683227539	3.593888044
1266.683227539	3.593888044
1269.151977539	3.593888044
1271.620727539	3.590956450
1274.089599609	3.588024855
1276.558227539	3.588024855
1279.027099609	3.588024855
1281.495849609	3.588024855
1281.495849609	3.588024855
1283.964599609	3.588024855
1286.433349609	3.588024855
1288.902221680	3.588024855
1291.370849609	3.582161427
1293.839721680	3.582161427
1296.308349609	3.582161427
1296.308349609	3.582161427
1298.777221680	3.582161427
1301.245971680	3.582161427
1303.714721680	3.582161427
1306.183471680	3.582161427
1308.652221680	3.576298237
1308.652221680	3.576298237
1311.120971680	3.576298237
1313.589843750	3.576298237
1316.058471680	3.576298237
1318.527343750	3.576298237
1320.996093750	3.576298237
1323.464843750	3.576298237
1323.464843750	3.576298237
1325.933593750	3.570434809
1328.402343750	3.570434809
1330.871093750	3.570434809
1333.339965820	3.570434809
1335.808593750	3.570434809
1335.808593750	3.570434809
1338.277465820	3.570434809
1340.746215820	3.564571381
1343.214965820	3.564571381
1345.683715820	3.564571381
1348.152465820	3.564571381
1350.621215820	3.564571381
1350.621215820	3.564571381
1353.090087891	3.561639786
1355.558715820	3.558708191
1358.027587891	3.558708191
1360.496459961	3.555776596
1362.965087891	3.555776596
1365.433959961	3.555776596
1365.433959961	3.555776596
1367.902587891	3.552845001
1370.371459961	3.552845001
1372.840209961	3.549913168
1375.308959961	3.549913168
1377.777709961	3.549913168
1377.777709961	3.549913168
1380.246459961	3.549913168
1382.715209961	3.546981573
1385.184082031	3.546981573
1387.652709961	3.544049740
1390.121582031	3.541118145
1392.590332031	3.541118145
1392.590332031	3.541118145
1395.059082031	3.541118145
1397.527832031	3.538186550
1399.996582031	3.538186550
1402.465332031	3.535254955
1404.934204102	3.532323360
1404.934204102	3.532323360
1407.402832031	3.532323360
1409.871704102	3.529391527
1412.340454102	3.529391527
1414.809204102	3.526459932
1417.277954102	3.523528337
1419.746704102	3.523528337
1419.746704102	3.523528337
1422.215454102	3.520596504
1424.684326172	3.517664909
1427.152954102	3.514733315
1429.621826172	3.511801481
1432.090576172	3.508870125
1434.559326172	3.505938292
1434.559326172	3.505938292
1437.028076172	3.503006697
1439.496826172	3.503006697
1441.965698242	3.497143269
1444.434448242	3.497143269
1446.903198242	3.494211674
1446.903198242	3.494211674
1449.371948242	3.491279840
1451.840698242	3.491279840
1454.309448242	3.488348246
1456.778320312	3.485416651
1459.246948242	3.482485056
1461.715820312	3.479553461
1461.715820312	3.479553461
1464.184570312	3.476621628
1466.653320312	3.473690033
1469.122070312	3.470758438
1471.590820312	3.467826605
1474.059570312	3.464895010
1474.059570312	3.464895010
1476.528442383	3.461963415
1478.997070312	3.456099987
1481.465942383	3.456099987
1483.934692383	3.450236797
1486.403442383	3.447305202
1488.872192383	3.444373369
1488.872192383	3.444373369
1491.340942383	3.438509941
1493.809692383	3.438509941
1496.278564453	3.432646751
1498.747192383	3.426783562
1501.216064453	3.426783562
1501.216064453	3.426783562
1503.684814453	3.420920134
1506.153564453	3.415056705
1508.622314453	3.415056705
1511.091064453	3.409193516
1513.559814453	3.403330088
1516.028686523	3.397466898
1516.028686523	3.397466898
1518.497314453	3.394535065
1520.966186523	3.388671875
1523.434936523	3.385740280
1525.903686523	3.379876852
1528.372558594	3.374013662
1530.841186523	3.371081829
1530.841186523	3.371081829
1533.310058594	3.365218639
1535.778808594	3.359355450
1538.247558594	3.353492022
1540.716308594	3.347628593
1543.185058594	3.338833809
1543.185058594	3.338833809
1545.653808594	3.332970381
1548.122680664	3.327106953
1550.591308594	3.318312168
1553.060180664	3.312448740
1555.528930664	3.303653717
1557.997680664	3.297790527
1557.997680664	3.297790527
1560.466430664	3.291927099
1562.935180664	3.280200481
1565.403930664	3.274337053
1567.872802734	3.262610674
1570.341430664	3.253815413
1570.341430664	3.253815413
1572.810302734	3.247952223
1575.279052734	3.236225605
1577.747802734	3.224498987
1580.216552734	3.215703964
1582.685302734	3.203977108
1585.154052734	3.192250729
1585.154052734	3.192250729
1587.622924805	3.180523872
1590.091552734	3.168797255
1592.560424805	3.157070637
1595.029174805	3.142412424
1597.497924805	3.130685806
1599.966674805	3.116027355
1599.966674805	3.116027355
1602.435424805	3.101369143
1604.904174805	3.083779335
1607.373046875	3.069120884
1609.841796875	3.048599243
1612.310546875	3.033941031
1612.310546875	3.033941031
1614.779296875	3.013419390
1617.248046875	2.992897511
1619.716918945	2.975307941
1622.185546875	2.954786062
1624.654418945	2.928401470
1627.123168945	2.899084568
1627.123168945	2.899084568
1629.591918945	2.872699738
1632.060668945	2.843383312
1634.529418945	2.808203220
1636.998168945	2.773023367
1639.467041016	2.729048252
1639.467041016	2.729048252
1641.935668945	2.682142019
1644.404541016	2.611782074
1646.873291016	2.585397005
1649.342041016	2.559012175
1651.810791016	2.532627106
1654.279541016	2.500378847
