4.814257145	4.013812065
7.255894661	4.013812065
9.697532654	4.007991791
12.139169693	4.005081177
17.022443771	3.990529537
19.464080811	3.978888512
21.905719757	3.973067760
26.788993835	3.961426735
29.230632782	3.955605984
31.672269821	3.952695608
34.113906860	3.946874857
38.997180939	3.941054583
41.438819885	3.935233831
43.880455017	3.932323456
46.322093964	3.929413080
51.205368042	3.923592567
53.647003174	3.917771816
56.088645935	3.917771816
60.971920013	3.911951065
63.413551331	3.906130552
65.855186462	3.906130552
68.296829224	3.903220415
73.180099487	3.900310040
75.621749878	3.897399664
78.063385010	3.894489288
80.505020142	3.891579151
85.388298035	3.888668776
87.829933167	3.885758400
90.271568298	3.885758400
95.154846191	3.882848263
97.596481323	3.879937887
100.038116455	3.879937887
102.479759216	3.879937887
107.363029480	3.874117136
109.804664612	3.874117136
112.246307373	3.874117136
117.129577637	3.871206999
119.571212769	3.868296623
122.012855530	3.868296623
124.454490662	3.868296623
129.337768555	3.865386486
131.779403687	3.862476110
134.221054077	3.862476110
136.662673950	3.859565735
141.545944214	3.856655359
143.987594604	3.856655359
146.429229736	3.856655359
151.312500000	3.853744984
153.754150391	3.850834608
156.195770264	3.850834608
158.637420654	3.847924471
163.520690918	3.845014095
165.962326050	3.845014095
168.403961182	3.845014095
170.845596313	3.842103720
175.728866577	3.839193344
178.170516968	3.839193344
180.612152100	3.836283207
185.495422363	3.833372831
187.937072754	3.833372831
190.378692627	3.830462456
192.820343018	3.830462456
197.703613281	3.827552319
200.145248413	3.827552319
202.586883545	3.824641943
205.028533936	3.821731567
209.911804199	3.821731567
212.353439331	3.818821430
214.795089722	3.818821430
219.678359985	3.815911055
222.119979858	3.813000679
224.561630249	3.813000679
227.003265381	3.810090542
231.886535645	3.807180166
234.328186035	3.807180166
236.769805908	3.804269791
239.211456299	3.804269791
244.094726562	3.801359653
246.536361694	3.801359653
248.977996826	3.798449278
253.861282349	3.795538902
256.302917480	3.795538902
258.744537354	3.792628527
261.186187744	3.792628527
266.069458008	3.789718390
268.511077881	3.786808014
270.952728271	3.786808014
273.394378662	3.786808014
278.277648926	3.780987263
280.719268799	3.780987263
283.160919189	3.780987263
288.044189453	3.778076887
290.485839844	3.775166512
292.927459717	3.775166512
295.369110107	3.772256374
300.252380371	3.769345999
302.694030762	3.769345999
305.135681152	3.766435862
307.577301025	3.766435862
312.460571289	3.763525486
314.902221680	3.763525486
317.343872070	3.760615110
322.227142334	3.757704735
324.668762207	3.757704735
327.110412598	3.754794359
329.552062988	3.754794359
334.435333252	3.751884222
336.876953125	3.748973846
339.318603516	3.748973846
344.201904297	3.746063709
346.643493652	3.746063709
349.085144043	3.743153334
351.526794434	3.740242720
356.410064697	3.740242720
358.851715088	3.737332582
361.293334961	3.737332582
363.734985352	3.734422207
368.618255615	3.731512070
371.059906006	3.731512070
373.501525879	3.728601694
378.384796143	3.728601694
380.826446533	3.725691319
383.268096924	3.725691319
385.709716797	3.722781181
390.592987061	3.719870806
393.034637451	3.719870806
395.476257324	3.716960430
397.917907715	3.716960430
402.801177979	3.714050055
405.242797852	3.714050055
407.684448242	3.711139679
412.567749023	3.711139679
415.009338379	3.708229542
417.450988770	3.708229542
419.892639160	3.705319166
424.775939941	3.705319166
427.217529297	3.705319166
429.659179688	3.702408791
432.100830078	3.702408791
436.984100342	3.699498653
439.425750732	3.699498653
441.867370605	3.699498653
446.750640869	3.696588278
449.192291260	3.696588278
451.633941650	3.693677902
454.075561523	3.693677902
458.958831787	3.693677902
461.400482178	3.690767765
463.842132568	3.690767765
466.283752441	3.690767765
471.167022705	3.687857389
473.608673096	3.687857389
476.050292969	3.687857389
480.933563232	3.684947014
483.375213623	3.684947014
485.816833496	3.682036877
488.258483887	3.682036877
493.141784668	3.682036877
495.583374023	3.682036877
498.025024414	3.679126501
500.466644287	3.679126501
505.349945068	3.676216125
507.791564941	3.676216125
510.233215332	3.676216125
515.116516113	3.673305750
517.558166504	3.673305750
519.999816895	3.673305750
522.441406250	3.670395613
527.324707031	3.670395613
529.766296387	3.670395613
532.207946777	3.670395613
534.649597168	3.667484999
539.532897949	3.664574623
541.974487305	3.664574623
544.416137695	3.664574623
549.299438477	3.664574623
551.741088867	3.661664486
554.182678223	3.661664486
556.624328613	3.661664486
561.507568359	3.658754349
563.949218750	3.658754349
566.390869141	3.658754349
571.274169922	3.655843973
573.715820312	3.655843973
576.157470703	3.655843973
578.599121094	3.652933598
583.482299805	3.652933598
585.923950195	3.652933598
588.365600586	3.650023460
590.807250977	3.650023460
595.690551758	3.650023460
598.132202148	3.647113085
600.573852539	3.647113085
605.457092285	3.647113085
607.898681641	3.647113085
610.340332031	3.644202471
612.781982422	3.644202471
617.665283203	3.641292334
620.106933594	3.641292334
622.548522949	3.641292334
624.990173340	3.641292334
629.873474121	3.638381958
632.315124512	3.638381958
634.756713867	3.638381958
639.640014648	3.635471582
642.081604004	3.635471582
644.523254395	3.635471582
646.964904785	3.635471582
651.848205566	3.632561445
654.289855957	3.632561445
656.731506348	3.632561445
659.173156738	3.629651070
664.056335449	3.629651070
666.497985840	3.629651070
668.939636230	3.629651070
673.822937012	3.626740694
676.264587402	3.626740694
678.706237793	3.623830557
681.147888184	3.623830557
686.031127930	3.623830557
688.472778320	3.623830557
690.914367676	3.623830557
693.356018066	3.620920181
698.239318848	3.620920181
700.680969238	3.618009806
703.122558594	3.618009806
708.005859375	3.618009806
710.447509766	3.618009806
712.889160156	3.615099669
715.330749512	3.615099669
720.214050293	3.612189293
722.655639648	3.612189293
725.097290039	3.612189293
727.538940430	3.612189293
732.422241211	3.612189293
734.863891602	3.609278917
737.305541992	3.609278917
742.188781738	3.606368542
744.630371094	3.606368542
747.072021484	3.606368542
749.513671875	3.606368542
754.396972656	3.606368542
756.838623047	3.606368542
759.280273438	3.603458405
761.721862793	3.603458405
766.605163574	3.600548029
769.046752930	3.600548029
771.488403320	3.600548029
776.371704102	3.600548029
778.813354492	3.600548029
781.255004883	3.597637653
783.696594238	3.597637653
788.579895020	3.594727278
791.021545410	3.597637653
793.463195801	3.594727278
798.346435547	3.594727278
800.788085938	3.591816902
803.229675293	3.591816902
805.671325684	3.591816902
810.554626465	3.591816902
812.996276855	3.588907003
815.437927246	3.588907003
817.879577637	3.588907003
822.762817383	3.588907003
825.204406738	3.588907003
827.646057129	3.585996389
832.529357910	3.585996389
834.971008301	3.585996389
837.412658691	3.583086252
839.854309082	3.583086252
844.737548828	3.583086252
847.179199219	3.583086252
849.620849609	3.583086252
852.062438965	3.580175877
856.945739746	3.580175877
859.387390137	3.580175877
861.829040527	3.577265501
866.712280273	3.577265501
869.153930664	3.577265501
871.595581055	3.577265501
874.037231445	3.577265501
878.920471191	3.574355125
881.362121582	3.574355125
883.803710938	3.574355125
886.245361328	3.571444750
891.128662109	3.571444750
893.570312500	3.571444750
896.011962891	3.571444750
900.895263672	3.571444750
903.336853027	3.571444750
905.778442383	3.568534374
908.220092773	3.568534374
913.103393555	3.568534374
915.545043945	3.565624237
917.986694336	3.565624237
920.428344727	3.565624237
925.311584473	3.565624237
927.753234863	3.565624237
930.194824219	3.565624237
935.078125000	3.562713861
937.519775391	3.562713861
939.961425781	3.562713861
942.403076172	3.562713861
947.286315918	3.559803486
949.727966309	3.559803486
952.169616699	3.559803486
954.611267090	3.559803486
959.494506836	3.559803486
961.936157227	3.559803486
964.377746582	3.556893349
969.261047363	3.556893349
971.702697754	3.556893349
974.144348145	3.556893349
976.585998535	3.553982973
981.469299316	3.553982973
983.910888672	3.553982973
986.352478027	3.553982973
988.794128418	3.553982973
993.677429199	3.551072598
996.119079590	3.551072598
998.560729980	3.551072598
1003.443969727	3.551072598
1005.885620117	3.551072598
1008.327270508	3.551072598
1010.768920898	3.551072598
1015.652160645	3.548162460
1018.093811035	3.548162460
1020.535461426	3.548162460
1025.418701172	3.548162460
1027.860351562	3.548162460
1030.302001953	3.548162460
1032.743652344	3.548162460
1037.626831055	3.548162460
1040.068481445	3.548162460
1042.510131836	3.545252085
1044.951782227	3.545252085
1049.835083008	3.545252085
1052.276733398	3.545252085
1054.718383789	3.545252085
1059.601684570	3.542341709
1062.043334961	3.542341709
1064.484985352	3.542341709
1066.926635742	3.542341709
1071.809936523	3.542341709
1074.251464844	3.542341709
1076.693115234	3.542341709
1079.134643555	3.542341709
1084.017944336	3.542341709
1086.459594727	3.539431572
1088.901245117	3.539431572
1093.784545898	3.539431572
1096.226196289	3.539431572
1098.667846680	3.536521196
1101.109497070	3.536521196
1105.992797852	3.533610821
1108.434448242	3.533610821
1110.876098633	3.533610821
1113.317749023	3.533610821
1118.200927734	3.533610821
1120.642578125	3.533610821
1123.084228516	3.533610821
1127.967529297	3.533610821
1130.409179688	3.533610821
1132.850708008	3.530700445
1135.292358398	3.530700445
1140.175659180	3.527790308
1142.617309570	3.527790308
1145.058959961	3.527790308
1147.500610352	3.527790308
1152.383911133	3.527790308
1154.825439453	3.527790308
1157.267089844	3.527790308
1162.150390625	3.527790308
1164.592041016	3.524879932
1167.033691406	3.521969557
1169.475341797	3.521969557
1174.358642578	3.521969557
1176.800292969	3.521969557
1179.241943359	3.521969557
1181.683593750	3.521969557
1186.566772461	3.521969557
1189.008422852	3.521969557
1191.450073242	3.519059420
1196.333251953	3.519059420
1198.774902344	3.519059420
1201.216552734	3.519059420
1203.658203125	3.516149044
1208.541503906	3.516149044
1210.983154297	3.516149044
1213.424804688	3.516149044
1215.866455078	3.513238668
1220.749755859	3.513238668
1223.191406250	3.513238668
1225.633056641	3.510328293
1230.516357422	3.510328293
1232.958007812	3.510328293
1235.399536133	3.510328293
1237.841186523	3.510328293
1242.724365234	3.510328293
1245.166015625	3.510328293
1247.607666016	3.510328293
1252.490966797	3.504507780
1254.932617188	3.504507780
1257.374267578	3.504507780
1259.815917969	3.504507780
1264.699218750	3.504507780
1267.140869141	3.504507780
1269.582519531	3.501597404
1272.024169922	3.498687267
1276.907348633	3.498687267
1279.348999023	3.498687267
1281.790649414	3.498687267
1286.673950195	3.498687267
1289.115600586	3.495776892
1291.557250977	3.492866516
1293.998779297	3.492866516
1298.882080078	3.492866516
1301.323730469	3.492866516
1303.765380859	3.492866516
1306.207031250	3.487045765
1311.090332031	3.487045765
1313.531982422	3.487045765
1315.973510742	3.487045765
1320.856811523	3.484135389
1323.298461914	3.481225252
1325.740112305	3.481225252
1328.181762695	3.478314877
1333.065063477	3.478314877
1335.506713867	3.478314877
1337.948364258	3.475404739
1340.390014648	3.475404739
1345.273315430	3.472494364
1347.714843750	3.472494364
1350.156494141	3.469583988
1355.039672852	3.466673613
1357.481323242	3.466673613
1359.922973633	3.466673613
1362.364624023	3.463763475
1367.247924805	3.460853100
1369.689575195	3.460853100
1372.131225586	3.460853100
1374.572875977	3.457942724
1379.456176758	3.455032349
1381.897827148	3.455032349
1384.339477539	3.455032349
1389.222778320	3.452122211
1391.664428711	3.449211836
1394.106079102	3.449211836
1396.547607422	3.446301699
1401.430786133	3.443391323
1403.872436523	3.440480947
1406.314086914	3.440480947
1408.755737305	3.440480947
1413.639038086	3.437570572
1416.080688477	3.434660196
1418.522338867	3.431749821
1423.405639648	3.428839684
1425.847290039	3.428839684
1428.288940430	3.425929308
1430.730590820	3.425929308
1435.613769531	3.420108795
1438.055419922	3.420108795
1440.497070312	3.417198420
1442.938720703	3.414288044
1447.822021484	3.411377907
1450.263671875	3.408467531
1452.705322266	3.405557156
1457.588500977	3.402646780
1460.030151367	3.399736643
1462.471801758	3.399736643
1464.913452148	3.393915892
1469.796752930	3.391005516
1472.238403320	3.388095379
1474.680053711	3.385185003
1479.563232422	3.379364491
1482.004882812	3.376454115
1484.446533203	3.370633364
1486.888183594	3.370633364
1491.771484375	3.364812851
1494.213134766	3.358992100
1496.654785156	3.356081963
1499.096435547	3.350261211
1503.979736328	3.341530323
1506.421386719	3.338619947
1508.862915039	3.332799435
1513.746215820	3.321158171
1516.187744141	3.315337420
1518.629394531	3.309516907
1521.071044922	3.303696394
1525.954345703	3.292055130
1528.395996094	3.286234379
1530.837646484	3.280413628
1533.279296875	3.274593115
1538.162597656	3.260041714
1540.604248047	3.254220963
1543.045898438	3.248400450
1547.929199219	3.230938435
1550.370849609	3.222207546
1552.812500000	3.216387033
1555.254150391	3.204745770
1560.137329102	3.187283993
1562.578857422	3.178553104
1565.020507812	3.169821978
1567.462158203	3.161091089
1572.345458984	3.134898186
1574.787109375	3.123256922
1577.228759766	3.108705521
1582.112060547	3.079602480
1584.553710938	3.050499201
1586.995361328	3.041768312
1589.437011719	3.033037424
