2.674767017	4.136245251
5.143533230	4.139176846
10.081067085	4.124518394
15.018600464	4.112792015
17.487365723	4.112792015
22.424898148	4.101065159
27.362432480	4.095201969
29.831199646	4.089338779
34.768730164	4.083475590
37.237499237	4.080543518
42.175033569	4.080543518
47.112564087	4.077611923
49.581329346	4.077611923
54.518863678	4.074680328
59.456398010	4.074680328
61.925167084	4.074680328
66.862693787	4.074680328
69.331466675	4.074680328
74.268997192	4.068817139
79.206527710	4.068817139
81.675300598	4.068817139
86.612831116	4.065885544
91.550361633	4.062953949
94.019126892	4.062953949
98.956657410	4.062953949
101.425430298	4.057090282
106.362960815	4.057090282
111.300498962	4.057090282
113.769264221	4.051227093
118.706794739	4.051227093
121.175559998	4.051227093
126.113090515	4.045363903
131.050628662	4.045363903
133.519393921	4.039500237
138.456924438	4.039500237
143.394454956	4.033637047
145.863220215	4.030705452
150.800765991	4.024842262
153.269531250	4.021910667
158.207061768	4.016047001
163.144592285	4.013115406
165.613357544	4.010183811
170.550903320	4.004320621
175.488433838	4.004320621
177.957199097	4.001389027
182.894714355	3.998457193
185.363479614	3.998457193
190.301025391	3.992593765
195.238555908	3.992593765
197.707321167	3.986730576
202.644851685	3.986730576
207.582382202	3.980867386
210.051147461	3.980867386
214.988693237	3.977935553
217.457458496	3.975003958
222.394989014	3.975003958
227.332519531	3.969140530
229.801284790	3.969140530
234.738830566	3.969140530
239.676361084	3.963277340
242.145126343	3.963277340
247.082656860	3.960345745
249.551422119	3.957414150
254.488952637	3.957414150
259.426483154	3.951550722
261.895233154	3.951550722
266.832794189	3.951550722
269.301574707	3.951550722
274.239105225	3.945687294
279.176635742	3.945687294
281.645385742	3.945687294
286.582916260	3.945687294
291.520446777	3.939823866
293.989196777	3.939823866
298.926727295	3.939823866
301.395507812	3.939823866
306.333068848	3.939823866
311.270599365	3.936892509
313.739349365	3.936892509
318.676849365	3.933960676
323.614379883	3.933960676
326.083160400	3.933960676
331.020721436	3.933960676
333.489471436	3.931029081
338.427001953	3.928097486
343.364532471	3.928097486
345.833312988	3.928097486
350.770843506	3.928097486
355.708374023	3.922234058
358.177124023	3.922234058
363.114654541	3.922234058
365.583435059	3.922234058
370.520935059	3.922234058
375.458496094	3.916370630
377.927276611	3.916370630
382.864807129	3.916370630
387.802337646	3.916370630
390.271087646	3.910507441
395.208618164	3.910507441
397.677398682	3.910507441
402.614929199	3.910507441
407.552459717	3.907575846
410.021209717	3.904644251
414.958770752	3.904644251
419.896301270	3.904644251
422.365081787	3.901712418
427.302612305	3.898780823
429.771362305	3.898780823
434.708892822	3.898780823
439.646423340	3.895848989
442.115173340	3.892917395
447.052703857	3.892917395
449.521484375	3.892917395
454.459014893	3.892917395
459.396575928	3.887054205
461.865325928	3.887054205
466.802856445	3.887054205
471.740386963	3.884122610
474.209167480	3.881190777
479.146697998	3.881190777
481.615447998	3.881190777
486.552978516	3.881190777
491.490509033	3.875327587
493.959289551	3.875327587
498.896850586	3.875327587
503.834381104	3.872395754
506.303131104	3.869464159
511.240661621	3.869464159
513.709411621	3.869464159
518.646972656	3.866532326
523.584472656	3.863600969
526.053222656	3.863600969
530.990783691	3.863600969
535.928283691	3.857737541
538.397094727	3.857737541
543.334594727	3.857737541
545.803344727	3.857737541
550.740905762	3.854805946
555.678405762	3.851874352
558.147216797	3.851874352
563.084777832	3.851874352
568.022338867	3.848942518
570.491088867	3.846010685
575.428588867	3.846010685
577.897399902	3.846010685
582.834899902	3.846010685
587.772399902	3.840147734
590.241210938	3.840147734
595.178710938	3.840147734
600.116271973	3.837215900
602.585021973	3.834284306
607.522521973	3.834284306
609.991333008	3.834284306
614.928833008	3.834284306
619.866394043	3.828420877
622.335144043	3.828420877
627.272644043	3.828420877
629.741455078	3.828420877
634.678955078	3.822557449
639.616516113	3.822557449
642.085266113	3.822557449
647.022827148	3.822557449
651.960388184	3.816694260
654.429138184	3.816694260
659.366638184	3.816694260
661.835449219	3.816694260
666.772949219	3.813762665
671.710510254	3.810831070
674.179260254	3.810831070
679.116760254	3.810831070
684.054321289	3.810831070
686.523071289	3.807899475
691.460632324	3.804967642
693.929382324	3.804967642
698.866882324	3.804967642
703.804443359	3.802036047
706.273193359	3.799104214
711.210754395	3.799104214
716.148254395	3.799104214
718.617004395	3.799104214
723.554565430	3.796172619
726.023315430	3.796172619
730.960876465	3.793241262
735.898437500	3.793241262
738.367187500	3.793241262
743.304748535	3.793241262
748.242248535	3.790309429
750.710998535	3.787377596
755.648559570	3.787377596
758.117309570	3.787377596
763.054870605	3.787377596
767.992370605	3.787377596
770.461120605	3.787377596
775.398681641	3.784446239
780.336181641	3.781514406
782.804992676	3.781514406
787.742492676	3.781514406
790.211242676	3.781514406
795.148803711	3.781514406
800.086303711	3.781514406
802.555053711	3.781514406
807.492614746	3.781514406
809.961364746	3.781514406
814.898986816	3.781514406
819.836486816	3.778582573
822.305236816	3.778582573
827.242797852	3.778582573
832.180297852	3.775650978
834.649108887	3.775650978
839.586608887	3.775650978
842.055358887	3.775650978
846.992919922	3.775650978
851.930419922	3.775650978
854.399230957	3.775650978
859.336730957	3.775650978
864.274291992	3.775650978
866.743041992	3.775650978
871.680541992	3.772719383
874.149291992	3.772719383
879.086853027	3.772719383
884.024353027	3.769787788
886.493164062	3.769787788
891.430664062	3.769787788
896.368286133	3.769787788
898.837036133	3.769787788
903.774536133	3.769787788
906.243347168	3.769787788
911.180847168	3.769787788
916.118408203	3.769787788
918.587158203	3.769787788
923.524658203	3.766856194
928.462219238	3.766856194
930.930969238	3.763924360
935.868530273	3.763924360
938.337280273	3.763924360
943.274780273	3.763924360
948.212341309	3.763924360
950.681091309	3.763924360
955.618591309	3.763924360
958.087402344	3.763924360
963.024902344	3.763924360
967.962463379	3.760992765
970.431213379	3.760992765
975.368713379	3.758061171
980.306335449	3.758061171
982.775085449	3.758061171
987.712646484	3.758061171
990.181396484	3.758061171
995.118896484	3.758061171
1000.056396484	3.758061171
1002.525207520	3.758061171
1007.462768555	3.758061171
1012.400268555	3.755129337
1014.868957520	3.755129337
1019.806518555	3.755129337
1022.275329590	3.752197742
1027.212890625	3.752197742
1032.150390625	3.752197742
1034.619262695	3.752197742
1039.556762695	3.752197742
1044.494262695	3.752197742
1046.963012695	3.752197742
1051.900512695	3.752197742
1054.369384766	3.752197742
1059.306884766	3.749266148
1064.244384766	3.746334553
1066.713134766	3.746334553
1071.650634766	3.746334553
1076.588134766	3.746334553
1079.057006836	3.746334553
1083.994506836	3.746334553
1086.463256836	3.746334553
1091.400756836	3.746334553
1096.338256836	3.746334553
1098.807128906	3.746334553
1103.744628906	3.743402719
1108.682128906	3.740471125
1111.151000977	3.740471125
1116.088500977	3.740471125
1118.557250977	3.740471125
1123.494750977	3.740471125
1128.432250977	3.740471125
1130.901123047	3.740471125
1135.838623047	3.740471125
1138.307373047	3.740471125
1143.244873047	3.737539530
1148.182373047	3.737539530
1150.651245117	3.737539530
1155.588745117	3.734607935
1160.526245117	3.734607935
1162.994995117	3.734607935
1167.932495117	3.734607935
1170.401367188	3.734607935
1175.338867188	3.734607935
1180.276367188	3.734607935
1182.745117188	3.734607935
1187.682617188	3.731676102
1192.620239258	3.731676102
1195.088989258	3.728744507
1212.370361328	3.728744507
1212.370361328	3.728744507
1214.839111328	3.728744507
1217.307983398	3.728744507
1219.776611328	3.728744507
1222.245483398	3.728744507
1224.714111328	3.728744507
1227.182983398	3.728744507
1229.651733398	3.725812674
1232.120483398	3.725812674
1234.589233398	3.725812674
1237.057983398	3.725812674
1237.057983398	3.725812674
1239.526733398	3.725812674
1241.995605469	3.725812674
1244.464233398	3.722881317
1246.933105469	3.722881317
1249.401855469	3.722881317
1251.870605469	3.722881317
1254.339355469	3.722881317
1256.808105469	3.722881317
1259.276855469	3.722881317
1259.276855469	3.722881317
1261.745727539	3.722881317
1264.214355469	3.722881317
1266.683227539	3.722881317
1269.151977539	3.719949484
1271.620727539	3.719949484
1274.089599609	3.717017889
1276.558227539	3.717017889
1279.027099609	3.717017889
1281.495849609	3.717017889
1283.964599609	3.717017889
1283.964599609	3.717017889
1286.433349609	3.717017889
1288.902221680	3.717017889
1291.370849609	3.717017889
1293.839721680	3.717017889
1296.308349609	3.714086294
1298.777221680	3.711154461
1301.245971680	3.711154461
1303.714721680	3.711154461
1306.183471680	3.711154461
1306.183471680	3.711154461
1308.652221680	3.711154461
1311.120971680	3.711154461
1313.589843750	3.711154461
1316.058471680	3.711154461
1318.527343750	3.711154461
1320.996093750	3.708222866
1323.464843750	3.705291271
1325.933593750	3.705291271
1328.402343750	3.705291271
1330.871093750	3.705291271
1330.871093750	3.705291271
1333.339965820	3.705291271
1335.808593750	3.705291271
1338.277465820	3.705291271
1340.746215820	3.705291271
1343.214965820	3.705291271
1345.683715820	3.702359438
1348.152465820	3.699428082
1350.621215820	3.699428082
1353.090087891	3.699428082
1353.090087891	3.699428082
1355.558715820	3.699428082
1358.027587891	3.699428082
1360.496459961	3.699428082
1362.965087891	3.699428082
1365.433959961	3.699428082
1367.902587891	3.696496248
1370.371459961	3.693564415
1372.840209961	3.693564415
1375.308959961	3.693564415
1377.777709961	3.693564415
1377.777709961	3.693564415
1380.246459961	3.693564415
1382.715209961	3.693564415
1385.184082031	3.693564415
1387.652709961	3.693564415
1390.121582031	3.690632820
1392.590332031	3.690632820
1395.059082031	3.687701225
1397.527832031	3.687701225
1399.996582031	3.687701225
1399.996582031	3.687701225
1402.465332031	3.687701225
1404.934204102	3.687701225
1407.402832031	3.687701225
1409.871704102	3.687701225
1412.340454102	3.687701225
1414.809204102	3.684769630
1417.277954102	3.681838036
1419.746704102	3.681838036
1422.215454102	3.681838036
1424.684326172	3.681838036
1424.684326172	3.681838036
1427.152954102	3.681838036
1429.621826172	3.681838036
1432.090576172	3.681838036
1434.559326172	3.681838036
1437.028076172	3.678906202
1439.496826172	3.675974607
1441.965698242	3.675974607
1444.434448242	3.675974607
1446.903198242	3.675974607
1449.371948242	3.675974607
1449.371948242	3.675974607
1451.840698242	3.675974607
1454.309448242	3.675974607
1456.778320312	3.675974607
1459.246948242	3.673043013
1461.715820312	3.670111179
1464.184570312	3.670111179
1466.653320312	3.670111179
1469.122070312	3.670111179
1471.590820312	3.670111179
1471.590820312	3.670111179
1474.059570312	3.670111179
1476.528442383	3.670111179
1478.997070312	3.670111179
1481.465942383	3.667179585
1483.934692383	3.664247990
1486.403442383	3.664247990
1488.872192383	3.664247990
1491.340942383	3.664247990
1493.809692383	3.664247990
1496.278564453	3.664247990
1496.278564453	3.664247990
1498.747192383	3.658384800
1501.216064453	3.658384800
1503.684814453	3.658384800
1506.153564453	3.658384800
1508.622314453	3.658384800
1511.091064453	3.652521133
1513.559814453	3.652521133
1516.028686523	3.652521133
1518.497314453	3.652521133
1518.497314453	3.652521133
1520.966186523	3.646657944
1523.434936523	3.646657944
1525.903686523	3.646657944
1528.372558594	3.640794754
1530.841186523	3.640794754
1533.310058594	3.640794754
1535.778808594	3.634931326
1538.247558594	3.634931326
1540.716308594	3.631999731
1543.185058594	3.629067898
1543.185058594	3.629067898
1545.653808594	3.629067898
1548.122680664	3.623204708
1550.591308594	3.623204708
1553.060180664	3.620273113
1555.528930664	3.617341280
1557.997680664	3.614409685
1560.466430664	3.611478090
1562.935180664	3.608546495
1565.403930664	3.602683067
1565.403930664	3.602683067
1567.872802734	3.602683067
1570.341430664	3.596819878
1572.810302734	3.593888044
1575.279052734	3.590956450
1577.747802734	3.585093260
1580.216552734	3.582161427
1582.685302734	3.579229832
1585.154052734	3.573366642
1587.622924805	3.567502975
1590.091552734	3.561639786
1590.091552734	3.561639786
1592.560424805	3.558708191
1595.029174805	3.552845001
1597.497924805	3.549913168
1599.966674805	3.541118145
1602.435424805	3.535254955
1604.904174805	3.529391527
1607.373046875	3.523528337
1609.841796875	3.517664909
1612.310546875	3.508870125
1612.310546875	3.508870125
1614.779296875	3.503006697
1617.248046875	3.494211674
1619.716918945	3.485416651
1622.185546875	3.476621628
1624.654418945	3.464895010
1627.123168945	3.456099987
1629.591918945	3.444373369
1632.060668945	3.432646751
1634.529418945	3.417988300
1636.998168945	3.403330088
1636.998168945	3.403330088
1639.467041016	3.385740280
1641.935668945	3.365218639
1644.404541016	3.341765404
1646.873291016	3.306585312
1649.342041016	3.277268648
1651.810791016	3.239157200
1654.279541016	3.198113918
1656.748291016	3.157070637
1659.217163086	3.107232571
1659.217163086	3.107232571
1661.685791016	3.057394266
1664.154663086	3.004624367
1666.623413086	2.951854467
1669.092163086	2.899084568
1671.560913086	2.828724861
1674.029663086	2.755433083
1676.498413086	2.658688545
1678.967285156	2.626440287
1681.435913086	2.588328838
1683.904785156	2.538490534
