3.913817406	4.048059464
6.384471893	4.050993919
8.855126381	4.048059464
13.796435356	4.042190552
16.267091751	4.039256096
18.737745285	4.036321640
21.208400726	4.033387184
26.149709702	4.027518749
28.620361328	4.027518749
31.091016769	4.024584293
36.032325745	4.021649837
38.502979279	4.015780926
40.973636627	4.015780926
45.914943695	4.009912491
48.385601044	4.009912491
50.856254578	4.006978035
53.326908112	4.004043579
58.268218994	4.001109123
60.738872528	3.998174906
63.209526062	3.998174906
68.150833130	3.992305994
70.621490479	3.992305994
73.092147827	3.989371777
78.033454895	3.986437321
80.504112244	3.983502865
82.974761963	3.980568409
85.445419312	3.980568409
90.386726379	3.974699736
92.857383728	3.974699736
95.328033447	3.971765518
100.269348145	3.968831062
102.739997864	3.962962151
105.210655212	3.962962151
110.151962280	3.960027933
112.622619629	3.957093477
115.093276978	3.957093477
117.563926697	3.954159021
122.505241394	3.951224804
124.975891113	3.948290348
127.446548462	3.945355892
132.387863159	3.945355892
134.858505249	3.939487219
137.329162598	3.939487219
139.799819946	3.939487219
144.741134644	3.933618307
147.211776733	3.933618307
149.682434082	3.927749634
154.623748779	3.927749634
157.094406128	3.924815178
159.565063477	3.921880722
164.506362915	3.921880722
166.977020264	3.916012049
169.447677612	3.916012049
171.918334961	3.916012049
176.859634399	3.910143375
179.330291748	3.910143375
181.800949097	3.907208920
186.742263794	3.904274464
189.212905884	3.904274464
191.683563232	3.898405790
196.624877930	3.898405790
199.095535278	3.895471573
201.566192627	3.892536879
204.036834717	3.892536879
208.978149414	3.886668205
211.448806763	3.886668205
213.919464111	3.886668205
218.860763550	3.880799294
221.331420898	3.880799294
223.802078247	3.880799294
228.743392944	3.874930620
231.214035034	3.874930620
233.684692383	3.871996164
236.155349731	3.869061947
241.096664429	3.869061947
243.567321777	3.863193274
246.037963867	3.863193274
250.979278564	3.863193274
253.449920654	3.857324362
255.920593262	3.857324362
260.861907959	3.857324362
263.332550049	3.851455688
265.803192139	3.851455688
268.273864746	3.851455688
273.215179443	3.845587015
275.685821533	3.845587015
278.156494141	3.845587015
283.097778320	3.845587015
285.568450928	3.839718103
288.039093018	3.839718103
292.980407715	3.839718103
295.451049805	3.839718103
297.921722412	3.833849192
300.392364502	3.833849192
305.333679199	3.833849192
307.804321289	3.833849192
310.274993896	3.830914974
315.216308594	3.827980518
317.686950684	3.827980518
320.157592773	3.827980518
325.098907471	3.822111607
327.569580078	3.822111607
330.040222168	3.822111607
332.510894775	3.822111607
337.452178955	3.819177389
339.922851562	3.816242933
342.393493652	3.816242933
347.334808350	3.816242933
349.805450439	3.816242933
352.276123047	3.813308716
357.217437744	3.810374260
359.688079834	3.810374260
362.158721924	3.810374260
364.629394531	3.810374260
369.570709229	3.804505587
372.041351318	3.804505587
374.512023926	3.804505587
379.453308105	3.804505587
381.923980713	3.798636675
384.394622803	3.798636675
386.865295410	3.798636675
391.806579590	3.798636675
394.277252197	3.798636675
396.747894287	3.795702457
401.689208984	3.792768002
404.159851074	3.792768002
406.630523682	3.792768002
411.571838379	3.789833546
414.042480469	3.786899328
416.513153076	3.786899328
418.983795166	3.786899328
423.925109863	3.786899328
426.395751953	3.783964634
428.866424561	3.781030416
433.807708740	3.781030416
436.278381348	3.781030416
438.749023438	3.781030416
443.690338135	3.775161743
446.160980225	3.775161743
448.631652832	3.775161743
451.102294922	3.775161743
456.043609619	3.775161743
458.514251709	3.769292831
460.984924316	3.769292831
465.926239014	3.769292831
468.396881104	3.769292831
470.867553711	3.769292831
475.808837891	3.763423920
478.279510498	3.763423920
480.750152588	3.763423920
483.220825195	3.763423920
488.162109375	3.763423920
490.632781982	3.757555246
493.103424072	3.757555246
498.044738770	3.757555246
500.515411377	3.757555246
502.986022949	3.757555246
507.927368164	3.751686573
510.398040771	3.751686573
512.868652344	3.751686573
515.339294434	3.751686573
520.280578613	3.751686573
522.751281738	3.748752117
525.221923828	3.745817661
530.163208008	3.745817661
532.633911133	3.745817661
535.104553223	3.745817661
540.045837402	3.742883444
542.516540527	3.739948988
544.987121582	3.739948988
547.457824707	3.739948988
552.399169922	3.739948988
554.869750977	3.739948988
557.340454102	3.734080315
562.281738281	3.734080315
564.752380371	3.734080315
567.223083496	3.734080315
572.164367676	3.734080315
574.635009766	3.728211403
577.105712891	3.728211403
579.576293945	3.728211403
584.517639160	3.728211403
586.988281250	3.728211403
589.458923340	3.728211403
594.400268555	3.722342730
596.870910645	3.722342730
599.341552734	3.722342730
601.812255859	3.722342730
606.753540039	3.719408274
609.224182129	3.719408274
611.694824219	3.716474056
616.636169434	3.716474056
619.106811523	3.716474056
621.577453613	3.716474056
626.518798828	3.713539600
628.989379883	3.710605145
631.460083008	3.710605145
633.930664062	3.710605145
638.872009277	3.710605145
641.342651367	3.710605145
643.813293457	3.710605145
648.754577637	3.704736471
651.225280762	3.704736471
653.695922852	3.704736471
658.637207031	3.704736471
661.107910156	3.704736471
663.578552246	3.701802015
666.049194336	3.698867559
670.990539551	3.698867559
673.461120605	3.698867559
675.931823730	3.698867559
680.873168945	3.698867559
683.343750000	3.695933342
685.814453125	3.692998886
690.755737305	3.692998886
693.226379395	3.692998886
695.697082520	3.692998886
698.167724609	3.692998886
703.109008789	3.690064430
705.579711914	3.687129974
708.050292969	3.687129974
712.991638184	3.687129974
715.462280273	3.687129974
717.932922363	3.687129974
722.874267578	3.684195757
725.344909668	3.681261301
727.815551758	3.681261301
730.286254883	3.681261301
735.227539062	3.681261301
737.698181152	3.681261301
740.168884277	3.681261301
745.110168457	3.675392628
747.580810547	3.675392628
750.051452637	3.675392628
754.992797852	3.675392628
757.463378906	3.675392628
759.934082031	3.675392628
762.404724121	3.672458172
767.346008301	3.669523954
769.816711426	3.669523954
772.287353516	3.669523954
777.228637695	3.669523954
779.699340820	3.669523954
782.169982910	3.669523954
787.111267090	3.663655043
789.581970215	3.663655043
792.052551270	3.663655043
794.523254395	3.663655043
799.464538574	3.663655043
801.935180664	3.663655043
804.405883789	3.660720587
809.347167969	3.657786369
811.817810059	3.657786369
814.288513184	3.657786369
819.229797363	3.657786369
821.700439453	3.657786369
824.171142578	3.657786369
826.641723633	3.657786369
831.583068848	3.654851913
834.053710938	3.651917458
836.524353027	3.651917458
841.465637207	3.651917458
843.936340332	3.651917458
846.406982422	3.651917458
848.877685547	3.651917458
853.818969727	3.648983002
856.289611816	3.646048784
858.760253906	3.646048784
863.701599121	3.646048784
866.172180176	3.646048784
868.642883301	3.646048784
873.584228516	3.646048784
876.054809570	3.646048784
878.525512695	3.643114328
880.996154785	3.643114328
885.937438965	3.640179873
888.408142090	3.640179873
890.878784180	3.640179873
895.820068359	3.640179873
898.290771484	3.640179873
900.761352539	3.640179873
905.702697754	3.637245655
908.173339844	3.634311199
910.643981934	3.634311199
913.114685059	3.634311199
918.055969238	3.634311199
920.526611328	3.634311199
922.997314453	3.634311199
927.938598633	3.634311199
930.409240723	3.634311199
932.879943848	3.631376743
937.821228027	3.628442526
940.291870117	3.628442526
942.762512207	3.628442526
945.233154297	3.628442526
950.174438477	3.628442526
952.645141602	3.628442526
955.115783691	3.628442526
960.057067871	3.628442526
962.527770996	3.625508070
964.998413086	3.625508070
969.939697266	3.622573853
972.410400391	3.622573853
974.881042480	3.622573853
977.351684570	3.622573853
982.293029785	3.622573853
984.763610840	3.622573853
987.234313965	3.622573853
992.175598145	3.622573853
994.646240234	3.619639397
997.116943359	3.619639397
1002.058288574	3.616704702
1004.528869629	3.616704702
1006.999511719	3.616704702
1009.470214844	3.616704702
1014.411437988	3.616704702
1016.882202148	3.616704702
1019.352783203	3.616704702
1024.294189453	3.616704702
1026.764770508	3.616704702
1029.235473633	3.616704702
1034.176757812	3.613770485
1036.647460938	3.613770485
1039.118041992	3.613770485
1041.588623047	3.610836029
1046.530029297	3.610836029
1049.000610352	3.610836029
1051.471313477	3.610836029
1056.412597656	3.610836029
1058.883300781	3.610836029
1061.353881836	3.610836029
1066.295288086	3.610836029
1068.765869141	3.610836029
1071.236572266	3.607901812
1073.707275391	3.607901812
1078.648559570	3.604967356
1081.119140625	3.604967356
1083.589843750	3.604967356
1088.531127930	3.604967356
1091.001708984	3.604967356
1093.472534180	3.604967356
1095.943115234	3.604967356
1100.884399414	3.604967356
1103.355102539	3.604967356
1105.825683594	3.604967356
1110.766967773	3.602032900
1113.237792969	3.602032900
1115.708374023	3.599098682
1120.649658203	3.599098682
1123.120361328	3.599098682
1125.590942383	3.599098682
1128.061645508	3.599098682
1133.002929688	3.599098682
1135.473632812	3.599098682
1137.944213867	3.599098682
1142.885620117	3.599098682
1145.356201172	3.596164227
1147.826782227	3.596164227
1152.768188477	3.593229771
1155.238891602	3.593229771
1157.709472656	3.593229771
1160.180053711	3.593229771
1165.121459961	3.593229771
1167.592041016	3.593229771
1170.062744141	3.593229771
1175.004028320	3.593229771
1177.474731445	3.593229771
1179.945312500	3.590295553
1184.886718750	3.590295553
1187.357299805	3.587361097
1189.827880859	3.587361097
1192.298706055	3.587361097
1197.239990234	3.587361097
1199.710571289	3.587361097
1202.181274414	3.587361097
1207.122558594	3.587361097
1209.593139648	3.587361097
1212.063964844	3.584426641
1217.005126953	3.584426641
1219.475830078	3.581492424
1221.946533203	3.581492424
1224.417114258	3.581492424
1229.358398438	3.581492424
1231.829101562	3.581492424
1234.299804688	3.581492424
1239.241088867	3.581492424
1241.711791992	3.581492424
1244.182373047	3.578557968
1249.123657227	3.575623512
1251.594360352	3.575623512
1254.065063477	3.575623512
1256.535644531	3.575623512
1261.477050781	3.575623512
1263.947631836	3.575623512
1266.418212891	3.575623512
1271.359619141	3.575623512
1273.830200195	3.572689056
1276.300903320	3.572689056
1281.242187500	3.569754601
1283.712890625	3.569754601
1286.183471680	3.569754601
1288.654174805	3.569754601
1293.595458984	3.569754601
1296.066162109	3.569754601
1298.536743164	3.569754601
1303.478149414	3.566820383
1305.948730469	3.563885927
1308.419311523	3.563885927
1310.890136719	3.563885927
1315.831298828	3.563885927
1318.302001953	3.563885927
1320.772705078	3.563885927
1325.713989258	3.563885927
1328.184570312	3.560951710
1330.655395508	3.558017254
1335.596557617	3.558017254
1338.067260742	3.558017254
1340.537963867	3.558017254
1343.008544922	3.558017254
1347.949829102	3.558017254
1350.420532227	3.555082798
1352.891235352	3.552148581
1357.832397461	3.552148581
1360.303222656	3.552148581
1362.773803711	3.552148581
1367.715087891	3.552148581
1370.185791016	3.549214125
1372.656494141	3.546279669
1375.127075195	3.546279669
1380.068481445	3.546279669
1382.539062500	3.546279669
1385.009643555	3.546279669
1389.951049805	3.540410995
1392.421630859	3.540410995
1394.892333984	3.540410995
1399.833618164	3.540410995
1402.304321289	3.537476540
1404.774902344	3.537476540
1407.245483398	3.534542084
1412.186889648	3.534542084
1414.657592773	3.534542084
1417.128173828	3.531607866
1422.069580078	3.528673410
1424.540161133	3.528673410
1427.010742188	3.528673410
1431.952148438	3.522804499
1434.422729492	3.522804499
1436.893432617	3.522804499
1439.364135742	3.516935825
1444.305419922	3.514001608
1446.776000977	3.511066914
1449.246704102	3.511066914
1454.187988281	3.505198479
1456.658691406	3.502263784
1459.129394531	3.499329567
1464.070678711	3.493460894
1466.541259766	3.493460894
1469.011962891	3.493460894
1471.482666016	3.493460894
1476.423828125	3.487591982
1478.894531250	3.487591982
1481.365234375	3.487591982
1486.306518555	3.481723309
1488.777099609	3.481723309
1491.247802734	3.481723309
1496.189086914	3.475854397
1498.659790039	3.475854397
1501.130493164	3.475854397
1503.601074219	3.472919941
1508.542358398	3.469985723
1511.013061523	3.464116812
1513.483764648	3.464116812
1518.425048828	3.461182594
1520.895751953	3.458248138
1523.366333008	3.458248138
1528.307617188	3.452379465
1530.778320312	3.449445009
1533.248901367	3.446510792
1535.719604492	3.443576336
1540.661010742	3.437707424
1543.131591797	3.434772968
1545.602172852	3.431838751
1550.543579102	3.425969839
1553.014160156	3.420101166
1555.484863281	3.420101166
1557.955444336	3.414232492
1562.896850586	3.402494907
1565.367431641	3.402494907
1567.838012695	3.396625996
1572.779418945	3.384888649
1575.250000000	3.379019737
1577.720703125	3.373151064
1582.662109375	3.361413479
1585.132690430	3.352610350
1587.603271484	3.346741438
1590.074096680	3.340872765
1595.015258789	3.326200962
1597.485961914	3.314463377
1599.956665039	3.305660248
1604.897949219	3.285119534
1607.368530273	3.273382187
1609.839233398	3.261644363
1614.780517578	3.232300520
1617.251098633	3.214694262
1619.721923828	3.194153547
1622.192504883	3.170678377
1627.133789062	3.103187561
1629.604492188	3.088515759
1632.075195312	3.073843956
1632.786743164	3.052959681
1632.786743164	3.021807194
