-1.027491689	3.643114328
1.443162918	3.643114328
3.913817406	3.637245655
6.384471893	3.628442526
8.855126381	3.619639397
11.325780869	3.610836029
13.796435356	3.604967356
16.267091751	3.596164227
18.737745285	3.590295553
21.208400726	3.581492424
23.679054260	3.575623512
26.149709702	3.566820383
28.620361328	3.558017254
31.091016769	3.552148581
33.561672211	3.546279669
36.032325745	3.537476540
38.502979279	3.528673410
40.973636627	3.522804499
43.444290161	3.514001608
45.914943695	3.508132696
50.856254578	3.493460894
53.326908112	3.487591982
55.797561646	3.481723309
58.268218994	3.475854397
60.738872528	3.467051506
63.209526062	3.458248138
65.680183411	3.452379465
68.150833130	3.446510792
70.621490479	3.440641880
73.092147827	3.434772968
75.562797546	3.428904295
78.033454895	3.423035622
80.504112244	3.414232492
82.974761963	3.408363581
85.445419312	3.402494907
87.916076660	3.399560690
90.386726379	3.396625996
92.857383728	3.390757322
95.328033447	3.387822866
97.798690796	3.381954193
100.269348145	3.381954193
105.210655212	3.381954193
107.681312561	3.381954193
110.151962280	3.381954193
112.622619629	3.384888649
115.093276978	3.384888649
117.563926697	3.387822866
120.034584045	3.387822866
122.505241394	3.387822866
124.975891113	3.387822866
127.446548462	3.387822866
129.917205811	3.387822866
132.387863159	3.387822866
134.858505249	3.387822866
137.329162598	3.390757322
139.799819946	3.390757322
142.270477295	3.390757322
144.741134644	3.393691540
147.211776733	3.393691540
149.682434082	3.393691540
152.153091431	3.393691540
157.094406128	3.393691540
159.565063477	3.393691540
162.035705566	3.393691540
164.506362915	3.396625996
166.977020264	3.396625996
169.447677612	3.396625996
171.918334961	3.399560690
174.388992310	3.399560690
176.859634399	3.399560690
179.330291748	3.399560690
181.800949097	3.399560690
184.271606445	3.399560690
186.742263794	3.399560690
189.212905884	3.399560690
191.683563232	3.399560690
194.154220581	3.399560690
196.624877930	3.402494907
199.095535278	3.402494907
201.566192627	3.402494907
204.036834717	3.402494907
206.507492065	3.405429363
211.448806763	3.405429363
213.919464111	3.405429363
216.390106201	3.405429363
218.860763550	3.405429363
221.331420898	3.405429363
223.802078247	3.405429363
226.272735596	3.405429363
228.743392944	3.405429363
231.214035034	3.405429363
233.684692383	3.405429363
236.155349731	3.405429363
238.626007080	3.405429363
241.096664429	3.405429363
243.567321777	3.405429363
246.037963867	3.405429363
248.508621216	3.405429363
250.979278564	3.405429363
253.449920654	3.405429363
255.920593262	3.405429363
258.391235352	3.405429363
263.332550049	3.405429363
265.803192139	3.405429363
268.273864746	3.405429363
270.744506836	3.405429363
273.215179443	3.405429363
275.685821533	3.405429363
278.156494141	3.405429363
280.627136230	3.405429363
283.097778320	3.405429363
285.568450928	3.405429363
288.039093018	3.402494907
290.509765625	3.402494907
292.980407715	3.402494907
295.451049805	3.399560690
297.921722412	3.399560690
300.392364502	3.399560690
302.863037109	3.399560690
305.333679199	3.399560690
307.804321289	3.399560690
310.274993896	3.399560690
312.745635986	3.399560690
317.686950684	3.396625996
320.157592773	3.396625996
322.628265381	3.393691540
325.098907471	3.393691540
327.569580078	3.393691540
330.040222168	3.393691540
332.510894775	3.393691540
334.981536865	3.393691540
337.452178955	3.393691540
339.922851562	3.393691540
342.393493652	3.390757322
344.864166260	3.390757322
347.334808350	3.387822866
349.805450439	3.387822866
352.276123047	3.387822866
354.746765137	3.387822866
357.217437744	3.387822866
359.688079834	3.387822866
362.158721924	3.387822866
364.629394531	3.387822866
369.570709229	3.384888649
372.041351318	3.381954193
374.512023926	3.381954193
376.982666016	3.381954193
379.453308105	3.381954193
381.923980713	3.381954193
384.394622803	3.381954193
386.865295410	3.381954193
389.335937500	3.379019737
391.806579590	3.379019737
394.277252197	3.376085520
396.747894287	3.376085520
399.218566895	3.376085520
401.689208984	3.376085520
404.159851074	3.376085520
406.630523682	3.376085520
409.101165771	3.376085520
411.571838379	3.373151064
414.042480469	3.373151064
416.513153076	3.370216608
421.454437256	3.370216608
423.925109863	3.370216608
426.395751953	3.370216608
428.866424561	3.370216608
431.337066650	3.367282391
433.807708740	3.367282391
436.278381348	3.364347935
438.749023438	3.364347935
441.219696045	3.364347935
443.690338135	3.364347935
446.160980225	3.364347935
448.631652832	3.364347935
451.102294922	3.361413479
453.572967529	3.361413479
456.043609619	3.358479023
458.514251709	3.358479023
460.984924316	3.358479023
463.455566406	3.358479023
465.926239014	3.358479023
468.396881104	3.358479023
470.867553711	3.355544806
475.808837891	3.352610350
478.279510498	3.352610350
480.750152588	3.352610350
483.220825195	3.352610350
485.691467285	3.352610350
488.162109375	3.352610350
490.632781982	3.349675894
493.103424072	3.349675894
495.574096680	3.346741438
498.044738770	3.346741438
500.515411377	3.346741438
502.986022949	3.346741438
505.456695557	3.346741438
507.927368164	3.346741438
510.398040771	3.343807220
512.868652344	3.340872765
515.339294434	3.340872765
517.809997559	3.340872765
520.280578613	3.340872765
522.751281738	3.340872765
527.692565918	3.340872765
530.163208008	3.337938547
532.633911133	3.335004091
535.104553223	3.335004091
537.575195312	3.335004091
540.045837402	3.335004091
542.516540527	3.335004091
544.987121582	3.335004091
547.457824707	3.332069635
549.928466797	3.329135418
552.399169922	3.329135418
554.869750977	3.329135418
557.340454102	3.329135418
559.811096191	3.329135418
562.281738281	3.329135418
564.752380371	3.326200962
567.223083496	3.323266506
569.693664551	3.323266506
572.164367676	3.323266506
574.635009766	3.323266506
577.105712891	3.323266506
582.046997070	3.320332050
584.517639160	3.317397833
586.988281250	3.317397833
589.458923340	3.317397833
591.929626465	3.317397833
594.400268555	3.317397833
596.870910645	3.317397833
599.341552734	3.314463377
601.812255859	3.311528921
604.282836914	3.311528921
606.753540039	3.311528921
609.224182129	3.311528921
611.694824219	3.311528921
614.165466309	3.308594465
616.636169434	3.308594465
619.106811523	3.305660248
621.577453613	3.305660248
624.048095703	3.305660248
626.518798828	3.305660248
628.989379883	3.305660248
633.930664062	3.299791336
636.401367188	3.299791336
638.872009277	3.299791336
641.342651367	3.299791336
643.813293457	3.299791336
646.283996582	3.296857119
648.754577637	3.293922663
651.225280762	3.293922663
653.695922852	3.293922663
656.166625977	3.293922663
658.637207031	3.293922663
661.107910156	3.290988445
663.578552246	3.288053989
666.049194336	3.288053989
668.519836426	3.288053989
670.990539551	3.288053989
673.461120605	3.288053989
675.931823730	3.285119534
678.402465820	3.285119534
680.873168945	3.282185078
683.343750000	3.282185078
688.285095215	3.282185078
690.755737305	3.282185078
693.226379395	3.282185078
695.697082520	3.279250622
698.167724609	3.279250622
700.638366699	3.276316404
703.109008789	3.276316404
705.579711914	3.276316404
708.050292969	3.276316404
710.520996094	3.276316404
712.991638184	3.276316404
715.462280273	3.276316404
717.932922363	3.273382187
720.403625488	3.270447731
722.874267578	3.270447731
725.344909668	3.270447731
727.815551758	3.270447731
730.286254883	3.270447731
732.756835938	3.270447731
735.227539062	3.270447731
740.168884277	3.267513275
742.639465332	3.264578819
745.110168457	3.264578819
747.580810547	3.264578819
750.051452637	3.264578819
752.522094727	3.264578819
754.992797852	3.264578819
757.463378906	3.261644363
759.934082031	3.261644363
762.404724121	3.258710146
764.875427246	3.258710146
767.346008301	3.258710146
769.816711426	3.258710146
772.287353516	3.258710146
774.757995605	3.258710146
777.228637695	3.255775690
779.699340820	3.252841473
782.169982910	3.252841473
784.640625000	3.252841473
787.111267090	3.252841473
789.581970215	3.252841473
794.523254395	3.249907017
796.993896484	3.246972561
799.464538574	3.246972561
801.935180664	3.246972561
804.405883789	3.246972561
806.876525879	3.246972561
809.347167969	3.246972561
811.817810059	3.244038105
814.288513184	3.241103649
816.759094238	3.241103649
819.229797363	3.241103649
821.700439453	3.241103649
824.171142578	3.241103649
826.641723633	3.241103649
829.112426758	3.238169432
831.583068848	3.226431847
834.053710938	3.226431847
836.524353027	3.229366302
838.995056152	3.229366302
841.465637207	3.232300520
846.406982422	3.232300520
848.877685547	3.232300520
851.348266602	3.232300520
853.818969727	3.235234976
856.289611816	3.238169432
858.760253906	3.238169432
861.230895996	3.223497629
863.701599121	3.223497629
866.172180176	3.223497629
868.642883301	3.223497629
871.113525391	3.223497629
873.584228516	3.220563173
876.054809570	3.217628479
878.525512695	3.217628479
880.996154785	3.217628479
883.466796875	3.217628479
885.937438965	3.217628479
888.408142090	3.214694262
890.878784180	3.211760044
893.349426270	3.211760044
898.290771484	3.211760044
900.761352539	3.208825588
903.232055664	3.205891132
905.702697754	3.205891132
908.173339844	3.205891132
910.643981934	3.205891132
913.114685059	3.202956676
915.585327148	3.200022459
918.055969238	3.200022459
920.526611328	3.200022459
922.997314453	3.200022459
925.467895508	3.194153547
927.938598633	3.194153547
930.409240723	3.194153547
932.879943848	3.194153547
935.350524902	3.191219330
937.821228027	3.188284874
940.291870117	3.188284874
942.762512207	3.188284874
945.233154297	3.188284874
947.703857422	3.182416201
952.645141602	3.182416201
955.115783691	3.182416201
957.586486816	3.179481745
960.057067871	3.176547527
962.527770996	3.176547527
964.998413086	3.176547527
967.469055176	3.173613071
969.939697266	3.170678377
972.410400391	3.170678377
974.881042480	3.170678377
977.351684570	3.164809704
979.822326660	3.164809704
982.293029785	3.164809704
984.763610840	3.164809704
987.234313965	3.158941031
989.704956055	3.158941031
992.175598145	3.158941031
994.646240234	3.156006813
997.116943359	3.153072357
999.587585449	3.153072357
1004.528869629	3.150137901
1006.999511719	3.147203684
1009.470214844	3.147203684
1011.940856934	3.141334772
1014.411437988	3.141334772
1016.882202148	3.141334772
1019.352783203	3.141334772
1021.823425293	3.135466099
1024.294189453	3.135466099
1026.764770508	3.135466099
1029.235473633	3.129597187
1031.706054688	3.129597187
1034.176757812	3.129597187
1036.647460938	3.123728275
1039.118041992	3.123728275
1041.588623047	3.120794058
1044.059448242	3.117859602
1046.530029297	3.117859602
1049.000610352	3.111990929
1051.471313477	3.111990929
1053.942016602	3.111990929
1058.883300781	3.106122255
1061.353881836	3.103187561
1063.824584961	3.100253344
1066.295288086	3.100253344
1068.765869141	3.094384432
1071.236572266	3.094384432
1073.707275391	3.091450214
1076.177856445	3.088515759
1078.648559570	3.085581303
1081.119140625	3.082647085
1083.589843750	3.082647085
1086.060546875	3.076778173
1088.531127930	3.076778173
1091.001708984	3.070909500
1093.472534180	3.070909500
1095.943115234	3.065040588
1098.413696289	3.065040588
1100.884399414	3.059172153
1103.355102539	3.059172153
1105.825683594	3.053303242
1110.766967773	3.047434568
1113.237792969	3.044500113
1115.708374023	3.041565657
1118.178955078	3.038631439
1120.649658203	3.032762527
1123.120361328	3.032762527
1125.590942383	3.026893854
1128.061645508	3.021024942
1130.532226562	3.021024942
1133.002929688	3.015156031
1135.473632812	3.012221813
1137.944213867	3.009287357
1140.414794922	3.003418684
1142.885620117	3.000483990
1145.356201172	2.997550011
1147.826782227	2.991681099
1150.297485352	2.985812426
1152.768188477	2.979943752
1155.238891602	2.974075079
1157.709472656	2.971140385
1160.180053711	2.965271711
1165.121459961	2.953534365
1167.592041016	2.947665453
1170.062744141	2.941796780
1172.533447266	2.935927868
1175.004028320	2.930059195
1177.474731445	2.924190044
1179.945312500	2.918321609
1182.416015625	2.912452698
1184.886718750	2.906584024
1187.357299805	2.900715113
1189.827880859	2.894846439
1192.298706055	2.888977766
1194.769287109	2.883109093
1197.239990234	2.877240419
1199.710571289	2.871371746
1202.181274414	2.865502596
1204.651977539	2.859633923
1207.122558594	2.853765249
1209.593139648	2.847896576
1212.063964844	2.842027664
1217.005126953	2.833224297
1219.475830078	2.827355623
1221.946533203	2.821486950
1224.417114258	2.815618038
1226.887817383	2.809749365
1229.358398438	2.803880692
1231.829101562	2.798011780
1234.299804688	2.792142868
1236.770385742	2.786274195
1239.241088867	2.780405521
1241.711791992	2.774536848
1244.182373047	2.768668175
1246.653076172	2.762799263
1249.123657227	2.756930590
1251.594360352	2.751061678
1254.065063477	2.745193005
1256.535644531	2.739324331
1259.006225586	2.733455181
1261.477050781	2.724652290
1263.947631836	2.718783617
1268.888916016	2.707046032
1271.359619141	2.701177120
1273.830200195	2.692373991
1276.300903320	2.683571100
1278.771484375	2.677702188
1281.242187500	2.668899059
1283.712890625	2.660095692
1286.183471680	2.651292562
1288.654174805	2.642489433
1291.124877930	2.630751848
1293.595458984	2.621948957
1296.066162109	2.613145828
1298.536743164	2.601408243
1301.007446289	2.589670658
1303.478149414	2.577932835
1305.948730469	2.563261032
1308.419311523	2.551523685
1310.890136719	2.539786100
1313.360717773	2.528048754
1315.831298828	2.525114059
1318.302001953	2.519245386
