0.095896341	59.231281281
0.095896341	59.231281281
0.097760253	59.231281281
0.099660389	59.335784912
0.101597458	59.440288544
0.101597458	59.440288544
0.103572182	59.753795624
0.105585285	60.067306519
0.107637517	60.380817413
0.107637517	60.380817413
0.109729640	61.007835388
0.111862421	61.321346283
0.114036664	61.739360809
0.114036664	61.739360809
0.116253160	62.052871704
0.118512742	62.470886230
0.120816238	62.784393311
0.120816238	62.784393311
0.123164512	63.097908020
0.125558421	63.515918732
0.127998874	63.724925995
0.127998874	63.724925995
0.130486757	64.142936707
0.133022979	64.351943970
0.135608524	64.769966125
0.135608524	64.769966125
0.138244301	64.978965759
0.140931323	65.396980286
0.143670559	65.605995178
0.143670559	65.605995178
0.146463051	66.024002075
0.149309814	66.233009338
0.152211905	66.651023865
0.152211905	66.651023865
0.155170396	66.860031128
0.158186406	67.278045654
0.161261037	67.591552734
0.164395422	67.905067444
0.164395422	67.905067444
0.167590722	68.323081970
0.170848131	68.532089233
0.174168870	68.950096130
0.174168870	68.950096130
0.177554131	69.368110657
0.181005210	69.472618103
0.184523359	69.890632629
0.184523359	69.890632629
0.188109890	70.099639893
0.191766128	70.413146973
0.195493430	70.726654053
0.195493430	70.726654053
0.199293181	71.771690369
0.203166798	71.353675842
0.207115680	71.667190552
0.207115680	71.667190552
0.211141333	72.189704895
0.215245232	72.398712158
0.219428897	72.712219238
0.219428897	72.712219238
0.223693877	73.025733948
0.228041738	73.234741211
0.232474133	73.443748474
0.232474133	73.443748474
0.236992672	73.652755737
0.241599023	73.861763000
0.246294916	73.966262817
0.246294916	73.966262817
0.251082093	74.175270081
0.255962312	74.384277344
0.260937363	74.488777161
0.260937363	74.488777161
0.266009122	74.697784424
0.271179497	74.802291870
0.276450336	75.011291504
0.276450336	75.011291504
0.281823605	75.115798950
0.287301332	75.324806213
0.292885542	75.742820740
0.292885542	75.742820740
0.298578262	75.951828003
0.304381639	76.056327820
0.310297817	76.265335083
0.310297817	76.265335083
0.316329002	76.474342346
0.322477400	76.683349609
0.328745335	76.892356873
0.328745335	76.892356873
0.335135072	76.892356873
0.341648996	77.101364136
0.348289520	77.310371399
0.348289520	77.310371399
0.355059117	77.519378662
0.361960292	77.623878479
0.368995607	77.728385925
0.368995607	77.728385925
0.376167655	77.937393188
0.383479178	78.146400452
0.390932739	78.668914795
0.390932739	78.668914795
0.398531199	78.355407715
0.406277329	78.564414978
0.414174020	78.773422241
0.414174020	78.773422241
0.422224194	78.982429504
0.430430859	79.191436768
0.438796997	79.191436768
0.438796997	79.191436768
0.447325826	79.504943848
0.456020385	79.609451294
0.464883924	79.713951111
0.473919719	79.818450928
0.473919719	79.818450928
0.483131170	80.758987427
0.492521644	80.131965637
0.502094626	80.236465454
0.502094626	80.236465454
0.511853695	80.340972900
0.521802545	80.445472717
0.531944633	80.549980164
0.531944633	80.549980164
0.542283893	80.758987427
0.552824140	80.967994690
0.563569188	81.072494507
0.563569188	81.072494507
0.574523091	81.177001953
0.585689962	81.908523560
0.597073853	82.117530823
0.597073853	82.117530823
0.608679056	81.699516296
0.620509803	82.222030640
0.632570446	82.431037903
0.632570446	82.431037903
0.644865513	82.535545349
0.657399595	82.535545349
0.670177281	82.640045166
0.670177281	82.640045166
0.683203340	82.744552612
0.696482539	82.849052429
0.710019886	82.849052429
0.710019886	82.849052429
0.723820388	82.849052429
0.737889111	83.058059692
0.752231240	83.058059692
0.752231240	83.058059692
0.766852140	83.058059692
0.781757236	83.371566772
0.796952009	83.267066956
0.796952009	83.267066956
0.812442124	83.371566772
0.828233302	83.476074219
0.844331563	83.580574036
0.844331563	83.580574036
0.860742569	83.685081482
0.877472579	83.789581299
0.894527733	84.103096008
0.894527733	84.103096008
0.911914408	83.998588562
0.929639041	83.998588562
0.947708189	84.103096008
0.947708189	84.103096008
0.966128469	84.207595825
0.984906971	84.312103271
1.004050374	84.207595825
1.004050374	84.207595825
1.023565769	84.416603088
1.043460488	84.416603088
1.063741922	84.416603088
1.063741922	84.416603088
1.084417582	84.521110535
1.105495095	84.521110535
1.126982212	84.521110535
1.126982212	84.521110535
1.148887038	84.625610352
1.171217680	84.625610352
1.193982244	84.625610352
1.193982244	84.625610352
1.217189312	84.625610352
1.240847468	84.625610352
1.264965534	84.625610352
1.264965534	84.625610352
1.289552212	84.834617615
1.314616919	84.939117432
1.340168715	85.043624878
1.366217256	85.043624878
1.366217256	85.043624878
1.392771959	85.148124695
1.419842839	85.252632141
1.447439909	85.252632141
1.447439909	85.252632141
1.475573778	85.252632141
1.504254103	85.357131958
1.533491850	85.357131958
1.533491850	85.357131958
1.563297868	85.461639404
1.593683243	85.566139221
1.624659181	85.566139221
1.624659181	85.566139221
1.656237245	85.566139221
1.688428998	85.670646667
1.721246481	85.670646667
1.721246481	85.670646667
1.754701853	85.775146484
1.788807511	85.775146484
1.823575974	85.775146484
1.823575974	85.775146484
1.859020352	85.775146484
1.895153522	85.775146484
1.931989074	85.775146484
1.931989074	85.775146484
1.969540596	85.984153748
2.007822514	85.879653931
2.046848059	85.879653931
2.046848059	85.879653931
2.086632013	85.879653931
2.127189159	85.879653931
2.168534756	85.984153748
2.168534756	85.984153748
2.210683823	85.984153748
2.253652334	86.088661194
2.297456026	86.088661194
2.297456026	86.088661194
2.342110872	86.088661194
2.387633801	86.088661194
2.434041500	86.088661194
2.434041500	86.088661194
2.481351376	86.088661194
2.529580593	86.193161011
2.578747272	86.193161011
2.578747272	86.193161011
2.628869534	86.193161011
2.679966211	86.193161011
2.732056618	86.297668457
2.732056618	86.297668457
2.785158873	86.402168274
2.839293242	86.402168274
2.894479752	86.402168274
2.894479752	86.402168274
2.950738907	86.611175537
3.008091450	86.506675720
3.066558838	86.611175537
3.066558838	86.611175537
3.126162767	86.611175537
3.186924934	86.611175537
3.248868227	86.611175537
3.248868227	86.611175537
3.312015533	86.611175537
3.376390219	86.611175537
3.442016125	86.611175537
3.442016125	86.611175537
3.508917570	86.611175537
3.577119350	86.611175537
3.646646738	86.611175537
3.646646738	86.611175537
3.717526674	86.611175537
3.789783239	86.611175537
3.863444090	86.611175537
3.938536644	86.924682617
3.938536644	86.924682617
4.015089035	86.611175537
4.093129158	86.611175537
4.172686100	86.611175537
4.172686100	86.611175537
4.253788948	86.611175537
4.336468697	86.715675354
4.420755386	86.820182800
4.420755386	86.820182800
4.506680489	86.820182800
4.594275475	86.820182800
4.683572769	86.820182800
4.683572769	86.820182800
4.774606228	86.820182800
4.867408752	86.820182800
4.962015152	87.133689880
4.962015152	87.133689880
5.058460236	86.820182800
5.156781673	86.924682617
5.257012367	86.924682617
5.257012367	86.924682617
5.359191418	86.924682617
5.463356495	86.924682617
5.569546223	86.924682617
5.569546223	86.924682617
5.677799702	86.924682617
5.788157463	86.924682617
5.900660038	87.342697144
5.900660038	87.342697144
6.015349865	86.924682617
6.132268429	86.924682617
6.251459122	86.924682617
6.251459122	86.924682617
6.372967243	86.820182800
6.496836662	87.029190063
6.623113632	87.029190063
6.623113632	87.029190063
6.751845360	87.029190063
6.883079052	87.447204590
7.016865253	87.133689880
7.016865253	87.133689880
7.153249741	87.133689880
7.292285442	87.133689880
7.434023380	87.133689880
7.434023380	87.133689880
7.578516483	87.133689880
7.725817680	87.133689880
7.875982285	87.447204590
7.875982285	87.447204590
8.029065132	87.029190063
8.185124397	86.402168274
8.344215393	86.402168274
8.344215393	86.402168274
8.506400108	86.297668457
8.671736717	86.297668457
8.840286255	87.133689880
8.840286255	87.133689880
9.012112617	86.297668457
9.187277794	86.297668457
9.365848541	86.297668457
9.365848541	86.297668457
9.547892570	86.297668457
9.733471870	86.297668457
9.922658920	87.133689880
9.922658920	87.133689880
10.115519524	86.297668457
10.312134743	86.402168274
10.512565613	86.402168274
10.512565613	86.402168274
10.716898918	86.402168274
10.925196648	87.029190063
11.137549400	87.029190063
11.354029655	87.029190063
11.354029655	87.029190063
11.574711800	87.029190063
11.799689293	87.029190063
12.029032707	87.029190063
12.029032707	87.029190063
12.262841225	87.029190063
12.501187325	87.029190063
12.744172096	87.029190063
12.744172096	87.029190063
12.991873741	87.029190063
13.244396210	87.029190063
13.501819611	87.029190063
13.501819611	87.029190063
13.764254570	87.029190063
14.031783104	87.029190063
14.304517746	87.029190063
14.304517746	87.029190063
14.582547188	86.402168274
14.865987778	86.402168274
15.154937744	86.402168274
15.154937744	86.402168274
15.449495316	86.297668457
15.749787331	86.297668457
16.055906296	86.297668457
16.055906296	86.297668457
16.367984772	86.297668457
16.686120987	86.297668457
17.010448456	86.297668457
17.010448456	86.297668457
17.341070175	86.297668457
17.678129196	86.297668457
18.021728516	86.297668457
18.021728516	86.297668457
18.372016907	86.297668457
18.729103088	86.297668457
19.093139648	86.297668457
19.093139648	86.297668457
19.464242935	87.133689880
19.842569351	86.297668457
20.228237152	86.297668457
20.228237152	86.297668457
20.621412277	86.297668457
21.022232056	86.297668457
21.430828094	86.297668457
21.430828094	86.297668457
21.847379684	86.297668457
22.272014618	86.297668457
22.704914093	86.297668457
22.704914093	86.297668457
23.146217346	86.297668457
23.596109390	86.297668457
24.054733276	86.297668457
24.054733276	86.297668457
24.522285461	86.297668457
24.998910904	86.297668457
25.484813690	86.297668457
25.484813690	86.297668457
25.980148315	86.297668457
26.485124588	86.297668457
26.999900818	86.297668457
26.999900818	86.297668457
27.524696350	86.297668457
28.059679031	86.297668457
28.605073929	86.193161011
28.605073929	86.193161011
29.161069870	86.193161011
29.727857590	87.133689880
30.305677414	86.088661194
30.305677414	86.088661194
30.894710541	85.984153748
31.495210648	85.984153748
32.107364655	85.984153748
32.731437683	85.984153748
32.731437683	85.984153748
33.367618561	85.984153748
34.016185760	85.984153748
34.677337646	85.984153748
34.677337646	85.984153748
35.351360321	85.984153748
36.038463593	85.984153748
36.738945007	85.984153748
36.738945007	85.984153748
37.453018188	85.984153748
38.180992126	85.984153748
38.923114777	85.984153748
38.923114777	85.984153748
39.679641724	87.133689880
40.450893402	85.984153748
41.237113953	85.984153748
41.237113953	85.984153748
42.038639069	85.984153748
42.855720520	85.984153748
43.688705444	85.984153748
43.688705444	85.984153748
44.537857056	85.984153748
45.403541565	85.984153748
46.286022186	85.879653931
46.286022186	85.879653931
47.185684204	85.879653931
48.102802277	85.879653931
49.037776947	86.820182800
49.037776947	86.820182800
49.990898132	85.775146484
50.962570190	85.670646667
51.953098297	85.566139221
51.953098297	85.566139221
52.962909698	85.461639404
53.992351532	85.252632141
55.041767120	85.252632141
55.041767120	85.252632141
56.111614227	85.252632141
57.202224731	85.252632141
58.314064026	85.252632141
58.314064026	85.252632141
59.447479248	86.297668457
60.602958679	85.461639404
61.780864716	85.670646667
61.780864716	85.670646667
62.981697083	85.879653931
64.205833435	85.984153748
65.453804016	86.193161011
65.453804016	86.193161011
66.725990295	86.924682617
68.022941589	87.029190063
69.345069885	87.029190063
69.345069885	87.029190063
70.692924500	87.238197327
72.066947937	87.342697144
73.467712402	87.447204590
73.467712402	87.447204590
74.895698547	87.551704407
76.351402283	87.656211853
77.835449219	87.656211853
77.835449219	87.656211853
79.348289490	87.551704407
80.890579224	87.760711670
82.462806702	87.865219116
82.462806702	87.865219116
84.065635681	87.969718933
85.699569702	87.969718933
87.365310669	87.969718933
87.365310669	87.969718933
89.063377380	87.865219116
90.794502258	88.074226379
92.559219360	88.074226379
94.358291626	88.074226379
94.358291626	88.074226379
96.192283630	88.074226379
98.061973572	88.074226379
99.968002319	88.074226379
99.968002319	88.074226379
101.911018372	88.283233643
103.891860962	88.283233643
105.911148071	88.387733459
105.911148071	88.387733459
107.969741821	88.492233276
110.068290710	88.596740723
112.207687378	88.596740723
112.207687378	88.596740723
114.388603210	88.596740723
116.611968994	88.596740723
118.878494263	88.596740723
118.878494263	88.596740723
121.189132690	88.596740723
123.544616699	88.596740723
125.945945740	88.701240540
125.945945740	88.701240540
128.393890381	88.701240540
130.889480591	88.701240540
133.433502197	88.596740723
133.433502197	88.596740723
136.027053833	88.701240540
138.671005249	88.701240540
141.366271973	88.596740723
141.366271973	88.596740723
144.113998413	88.074226379
146.915069580	88.074226379
149.770660400	88.074226379
149.770660400	88.074226379
152.681655884	87.969718933
155.649337769	87.969718933
158.674591064	87.969718933
