0.098234817	65.516105652
0.098234817	65.516105652
0.100135572	65.620445251
0.102073111	65.724784851
0.104048133	65.829124451
0.106061369	66.350830078
0.106061369	66.350830078
0.108113565	66.559509277
0.110205472	66.872528076
0.112337850	67.081207275
0.114511482	67.394226074
0.114511482	67.394226074
0.116727181	67.602912903
0.118985750	67.811592102
0.121288016	68.020271301
0.123634838	68.333290100
0.123634838	68.333290100
0.126027063	68.541976929
0.128465578	68.646316528
0.130951270	68.854995728
0.133485064	69.063674927
0.133485064	69.063674927
0.136067882	69.376693726
0.138700664	69.481033325
0.141384408	69.689712524
0.144120067	69.898399353
0.144120067	69.898399353
0.146908671	70.107078552
0.149751216	70.315757751
0.152648777	70.420104980
0.155602396	70.628776550
0.155602396	70.628776550
0.158613160	70.733116150
0.161682189	70.941795349
0.164810598	71.150482178
0.167999536	71.254814148
0.167999536	71.254814148
0.171250179	71.463500977
0.174563721	71.672180176
0.177941367	71.880859375
0.181384385	71.985198975
0.181384385	71.985198975
0.184894010	72.089538574
0.188471541	72.298217773
0.192118287	72.506904602
0.195835605	72.506904602
0.199624866	72.715583801
0.199624866	72.715583801
0.203487426	72.924263000
0.207424730	73.028602600
0.211438224	73.237281799
0.215529367	73.341621399
0.215529367	73.341621399
0.219699666	73.550308228
0.223950654	73.654640198
0.228283912	73.863327026
0.232700989	74.072006226
0.232700989	74.072006226
0.237203553	74.176345825
0.241793230	74.385025024
0.246471718	74.489364624
0.251240730	74.698043823
0.251240730	74.698043823
0.256102026	74.802391052
0.261057377	75.011070251
0.266108602	75.011070251
0.271257579	75.219749451
0.271257579	75.219749451
0.276506156	75.219749451
0.281856328	75.428428650
0.287309974	75.428428650
0.292869151	75.637107849
0.292869151	75.637107849
0.298535913	75.741447449
0.304312348	75.950126648
0.310200512	76.054466248
0.316202611	76.054466248
0.316202611	76.054466248
0.322320849	76.263145447
0.328557462	76.263145447
0.334914774	76.471824646
0.341395080	76.576171875
0.341395080	76.576171875
0.348000765	76.680511475
0.354734272	76.784851074
0.361598074	76.889190674
0.368594676	76.993530273
0.368594676	76.993530273
0.375726670	77.097869873
0.382996649	77.202209473
0.390407294	77.306549072
0.397961348	77.410888672
0.397961348	77.410888672
0.405661553	77.619567871
0.413510740	77.515228271
0.421511799	77.515228271
0.429667681	77.619567871
0.429667681	77.619567871
0.437981397	77.723915100
0.446455956	77.723915100
0.455094486	77.828254700
0.463900089	77.828254700
0.463900089	77.828254700
0.472876161	77.828254700
0.482025892	78.036933899
0.491352677	78.036933899
0.500859916	78.141273499
0.500859916	78.141273499
0.510551095	78.245613098
0.520429850	78.245613098
0.530499697	78.349952698
0.540764391	78.454292297
0.540764391	78.454292297
0.551227689	78.558631897
0.561893463	78.662971497
0.572765648	78.767311096
0.583848178	78.871650696
0.583848178	78.871650696
0.595145106	78.975997925
0.606660664	79.184677124
0.618398964	79.184677124
0.630364478	79.184677124
0.630364478	79.184677124
0.642561495	79.184677124
0.654994488	79.184677124
0.667668045	79.289016724
0.680586755	79.289016724
0.680586755	79.289016724
0.693755507	79.289016724
0.707179070	79.289016724
0.720862329	79.289016724
0.734810412	79.289016724
0.749028325	79.393356323
0.749028325	79.393356323
0.763521373	79.393356323
0.778294861	79.393356323
0.793354154	79.393356323
0.808704913	79.393356323
0.808704913	79.393356323
0.824352622	79.602035522
0.840303123	79.602035522
0.856562257	79.602035522
0.873135984	79.602035522
0.873135984	79.602035522
0.890030384	79.810714722
0.907251716	79.810714722
0.924806237	79.810714722
0.942700446	79.810714722
0.942700446	79.810714722
0.960940838	79.915054321
0.979534209	80.019393921
0.998487234	80.019393921
1.017807245	80.123741150
1.017807245	80.123741150
1.037500858	80.123741150
1.057575583	80.123741150
1.078038812	80.123741150
1.098897934	80.123741150
1.098897934	80.123741150
1.120160580	80.123741150
1.141834736	80.228080750
1.163928270	80.228080750
1.186449170	80.228080750
1.186449170	80.228080750
1.209405661	80.332412720
1.232806563	80.332412720
1.256660342	80.332412720
1.280975580	80.332412720
1.280975580	80.332412720
1.305761337	80.332412720
1.331026673	80.332412720
1.356780887	80.332412720
1.383033395	80.332412720
1.383033395	80.332412720
1.409793854	80.332412720
1.437072158	80.332412720
1.464878201	80.332412720
1.493222356	80.332412720
1.493222356	80.332412720
1.522114873	80.332412720
1.551566482	80.332412720
1.581587911	80.332412720
1.612190247	80.332412720
1.612190247	80.332412720
1.643384814	80.332412720
1.675182819	80.436759949
1.707596183	80.436759949
1.740636587	80.436759949
1.740636587	80.436759949
1.774316430	80.436759949
1.808647871	80.436759949
1.843643665	80.436759949
1.879316568	80.436759949
1.879316568	80.436759949
1.915679693	80.645439148
1.952746391	80.645439148
1.990530372	81.062797546
2.029045343	80.749778748
2.029045343	80.749778748
2.068305492	80.749778748
2.108325481	80.749778748
2.149119854	80.749778748
2.190703392	80.749778748
2.190703392	80.749778748
2.233091593	80.749778748
2.276299953	80.854118347
2.320344210	80.854118347
2.365240812	80.958457947
2.365240812	80.958457947
2.411006212	80.958457947
2.457657099	80.958457947
2.505210638	80.958457947
2.553684235	80.958457947
2.553684235	80.958457947
2.603095770	81.062797546
2.653462648	81.062797546
2.704804897	81.062797546
2.757140398	81.062797546
2.810488701	81.062797546
2.810488701	81.062797546
2.864869356	81.062797546
2.920301914	81.062797546
2.976807356	81.062797546
3.034405947	81.271476746
3.034405947	81.271476746
3.093118906	81.062797546
3.152968168	81.167137146
3.213975191	81.167137146
3.276162863	81.167137146
3.276162863	81.167137146
3.339553833	81.167137146
3.404171228	81.271476746
3.470038891	81.271476746
3.537181139	81.375816345
3.537181139	81.375816345
3.605622530	81.375816345
3.675388098	81.375816345
3.746503592	81.375816345
3.818995237	81.375816345
3.818995237	81.375816345
3.892889500	81.375816345
3.968213558	81.375816345
4.044994831	81.375816345
4.123261929	81.375816345
4.123261929	81.375816345
4.203043461	81.375816345
4.284368992	81.375816345
4.367267609	81.375816345
4.451770306	81.375816345
4.451770306	81.375816345
4.537908077	81.375816345
4.625712872	81.375816345
4.715216160	81.375816345
4.806451321	81.375816345
4.806451321	81.375816345
4.899452209	81.375816345
4.994252205	81.375816345
5.090886593	81.375816345
5.189390659	81.375816345
5.189390659	81.375816345
5.289801121	81.375816345
5.392154217	81.375816345
5.496487617	81.375816345
5.602839947	81.375816345
5.602839947	81.375816345
5.711248398	81.375816345
5.821755886	81.375816345
5.934401989	81.375816345
6.049227238	81.375816345
6.049227238	81.375816345
6.166274548	81.375816345
6.285586357	81.375816345
6.407207012	81.375816345
6.531180859	81.375816345
6.531180859	81.375816345
6.657553673	81.375816345
6.786371231	81.375816345
6.917681694	81.375816345
7.051532745	81.375816345
7.051532745	81.375816345
7.187973976	81.375816345
7.327054977	81.480155945
7.468826771	81.480155945
7.613342285	81.480155945
7.613342285	81.480155945
7.760653496	81.480155945
7.910815716	81.480155945
8.063882828	81.480155945
8.219911575	81.480155945
8.219911575	81.480155945
8.378959656	81.480155945
8.541085243	81.480155945
8.706348419	81.480155945
8.874808311	81.480155945
8.874808311	81.480155945
9.046527863	81.375816345
9.221570969	81.375816345
9.399999619	81.375816345
9.581881523	81.375816345
9.767282486	81.375816345
9.767282486	81.375816345
9.956271172	81.375816345
10.148916245	81.375816345
10.345288277	81.375816345
10.545460701	81.375816345
10.545460701	81.375816345
10.749505997	81.375816345
10.957499504	81.480155945
11.169518471	81.688842773
11.385638237	81.688842773
11.385638237	81.688842773
11.605940819	81.688842773
11.830505371	81.688842773
12.059414864	81.688842773
12.292754173	81.584503174
12.292754173	81.584503174
12.530608177	81.167137146
12.773064613	80.854118347
13.020212173	80.645439148
13.272142410	80.019393921
13.272142410	80.019393921
13.528939247	79.602035522
13.790712357	79.080337524
14.057550430	78.454292297
14.329551697	77.932594299
14.329551697	77.932594299
14.606815338	77.306549072
14.889445305	76.576171875
15.177542686	76.158805847
15.471215248	75.741447449
15.471215248	75.741447449
15.770568848	75.219749451
16.075716019	75.115409851
16.386766434	75.115409851
16.703836441	75.115409851
16.703836441	75.115409851
17.027040482	75.115409851
17.356498718	75.219749451
17.692333221	75.532768250
18.034664154	75.741447449
18.034664154	75.741447449
18.383619308	75.950126648
18.739326477	76.158805847
19.101915359	76.367492676
19.471521378	76.576171875
19.471521378	76.576171875
19.848278046	76.576171875
20.232324600	76.993530273
20.623802185	77.097869873
21.022853851	77.306549072
21.022853851	77.306549072
21.429628372	77.410888672
21.844272614	77.619567871
22.266941071	77.828254700
22.697786331	77.932594299
22.697786331	77.932594299
23.136968613	78.245613098
23.584648132	78.454292297
24.040990829	78.767311096
24.506162643	78.975997925
24.506162643	78.975997925
24.980335236	79.184677124
25.463684082	79.289016724
25.956382751	79.497695923
26.458616257	79.706375122
26.458616257	79.706375122
26.970567703	79.810714722
27.492424011	80.228080750
28.024377823	80.332412720
28.566625595	80.541099548
28.566625595	80.541099548
29.119365692	80.645439148
29.682800293	80.854118347
30.257135391	80.958457947
30.842584610	81.167137146
30.842584610	81.167137146
31.439361572	81.271476746
32.047687531	81.375816345
32.667781830	81.688842773
33.299873352	81.793182373
33.299873352	81.793182373
33.944198608	82.106201172
34.600986481	82.106201172
35.270484924	82.210540771
35.952938080	82.210540771
36.648597717	82.314880371
36.648597717	82.314880371
37.357715607	82.419219971
38.080532074	82.523559570
38.817359924	82.627899170
39.568439484	82.732238770
39.568439484	82.732238770
40.334053040	82.732238770
41.114482880	82.940925598
41.910011292	82.940925598
42.720935822	83.149604797
42.720935822	83.149604797
43.547546387	83.149604797
44.390155792	83.358283997
45.249065399	83.462623596
46.124595642	83.566963196
46.124595642	83.566963196
47.017066956	83.671302795
47.926803589	83.775642395
48.854145050	83.984329224
49.799430847	83.984329224
49.799430847	83.984329224
50.763008118	83.984329224
51.745227814	83.984329224
52.746452332	83.984329224
53.767047882	83.984329224
53.767047882	83.984329224
54.807392120	83.984329224
55.867870331	83.984329224
56.948863983	83.984329224
58.050773621	83.984329224
58.050773621	83.984329224
59.174007416	83.984329224
60.318969727	83.984329224
61.486091614	83.984329224
62.675792694	83.984329224
62.675792694	83.984329224
63.888515472	83.984329224
65.124702454	83.984329224
66.384803772	83.984329224
67.669296265	83.879981995
67.669296265	83.879981995
68.978637695	83.879981995
70.313308716	83.671302795
71.673812866	83.775642395
73.060638428	83.775642395
73.060638428	83.775642395
74.474296570	83.671302795
75.915313721	83.566963196
77.384208679	83.566963196
78.881523132	83.566963196
78.881523132	83.566963196
80.407806396	83.358283997
81.963630676	83.462623596
83.549552917	83.358283997
85.166168213	83.253944397
85.166168213	83.253944397
86.814056396	83.045265198
88.493835449	82.940925598
90.206108093	82.836585999
91.951522827	82.732238770
91.951522827	82.732238770
93.730705261	82.627899170
95.544311523	82.523559570
97.393005371	82.419219971
99.277473450	82.210540771
99.277473450	82.210540771
101.198410034	82.106201172
103.156509399	82.001861572
105.152496338	81.897521973
107.187103271	81.688842773
107.187103271	81.688842773
109.261085510	81.480155945
111.375190735	81.375816345
113.530204773	81.167137146
115.726913452	80.958457947
115.726913452	80.958457947
117.966125488	80.854118347
120.248664856	80.541099548
122.575370789	80.436759949
124.947097778	80.332412720
124.947097778	80.332412720
127.364715576	80.123741150
129.829116821	79.915054321
132.341186523	79.706375122
134.901885986	79.602035522
137.512115479	79.289016724
137.512115479	79.289016724
140.172851562	78.975997925
142.885070801	78.767311096
145.649780273	78.349952698
148.467971802	78.141273499
148.467971802	78.141273499
151.340698242	77.828254700
154.268997192	77.515228271
157.253967285	77.202209473
160.296707153	76.784851074
160.296707153	76.784851074
163.398300171	76.367492676
166.559921265	76.158805847
169.782699585	75.741447449
173.067855835	75.324089050
173.067855835	75.324089050
176.416564941	74.906730652
179.829971313	74.593704224
183.309524536	74.072006226
186.856399536	73.654640198
186.856399536	73.654640198
190.471908569	73.132942200
194.157379150	72.819923401
197.914154053	72.819923401
201.743606567	72.089538574
201.743606567	72.089538574
205.647171021	71.567840576
209.626266479	70.733116150
213.682357788	70.211418152
217.816925049	69.585372925
217.816925049	69.585372925
222.031494141	69.063674927
226.327606201	68.437637329
230.706848145	67.915931702
235.170822144	67.394226074
235.170822144	67.394226074
239.721160889	66.872528076
244.359558105	66.142150879
249.087707520	65.724784851
253.907333374	65.620445251
