0.095896341	66.442016602
0.095896341	66.442016602
0.097760253	66.546524048
0.099660389	66.651023865
0.101597458	66.546524048
0.101597458	66.546524048
0.103572182	66.860031128
0.105585285	67.069038391
0.107637517	67.278045654
0.107637517	67.278045654
0.109729640	67.487052917
0.111862421	67.696060181
0.114036664	67.905067444
0.114036664	67.905067444
0.116253160	68.218574524
0.118512742	68.427581787
0.120816238	68.636589050
0.120816238	68.636589050
0.123164512	68.950096130
0.125558421	69.263610840
0.127998874	69.577117920
0.127998874	69.577117920
0.130486757	69.786125183
0.133022979	70.204139709
0.135608524	70.622154236
0.138244301	71.040168762
0.138244301	71.040168762
0.140931323	71.249176025
0.143670559	71.562683105
0.146463051	71.771690369
0.146463051	71.771690369
0.149309814	71.980697632
0.152211905	72.189704895
0.155170396	72.398712158
0.155170396	72.398712158
0.158186406	72.712219238
0.161261037	72.921226501
0.164395422	73.025733948
0.164395422	73.025733948
0.167590722	73.130233765
0.170848131	73.339241028
0.174168870	73.548248291
0.174168870	73.548248291
0.177554131	73.757255554
0.181005210	73.966262817
0.184523359	74.070770264
0.184523359	74.070770264
0.188109890	74.279769897
0.191766128	74.488777161
0.195493430	74.697784424
0.195493430	74.697784424
0.199293181	75.220306396
0.203166798	75.115798950
0.207115680	75.324806213
0.207115680	75.324806213
0.211141333	75.638313293
0.215245232	75.847320557
0.219428897	75.951828003
0.219428897	75.951828003
0.223693877	76.160835266
0.228041738	76.369842529
0.232474133	76.578849792
0.232474133	76.578849792
0.236992672	76.787857056
0.241599023	76.996864319
0.246294916	77.205871582
0.246294916	77.205871582
0.251082093	77.310371399
0.255962312	77.519378662
0.260937363	77.728385925
0.260937363	77.728385925
0.266009122	77.832885742
0.271179497	77.937393188
0.276450336	78.146400452
0.281823605	78.355407715
0.281823605	78.355407715
0.287301332	78.564414978
0.292885542	78.459907532
0.298578262	78.773422241
0.298578262	78.773422241
0.304381639	78.982429504
0.310297817	79.086929321
0.316329002	79.295936584
0.316329002	79.295936584
0.322477400	79.295936584
0.328745335	79.504943848
0.335135072	79.609451294
0.335135072	79.609451294
0.341648996	79.713951111
0.348289520	79.818450928
0.355059117	79.922958374
0.355059117	79.922958374
0.361960292	80.027458191
0.368995607	80.131965637
0.376167655	80.236465454
0.376167655	80.236465454
0.383479178	80.445472717
0.390932739	80.967994690
0.398531199	80.445472717
0.398531199	80.445472717
0.406277329	80.758987427
0.414174020	80.758987427
0.422224194	80.967994690
0.422224194	80.967994690
0.430430859	81.072494507
0.438796997	81.177001953
0.447325826	81.177001953
0.447325826	81.177001953
0.456020385	81.386009216
0.464883924	81.386009216
0.473919719	81.490509033
0.473919719	81.490509033
0.483131170	81.595008850
0.492521644	81.595008850
0.502094626	81.804016113
0.502094626	81.804016113
0.511853695	81.804016113
0.521802545	81.908523560
0.531944633	82.013023376
0.542283893	82.013023376
0.542283893	82.013023376
0.552824140	82.222030640
0.563569188	82.222030640
0.574523091	82.431037903
0.574523091	82.431037903
0.585689962	82.431037903
0.597073853	82.535545349
0.608679056	82.640045166
0.608679056	82.640045166
0.620509803	82.640045166
0.632570446	82.744552612
0.644865513	82.744552612
0.644865513	82.744552612
0.657399595	82.744552612
0.670177281	82.744552612
0.683203340	82.849052429
0.683203340	82.849052429
0.696482539	82.953552246
0.710019886	82.953552246
0.723820388	82.953552246
0.723820388	82.953552246
0.737889111	83.058059692
0.752231240	83.162559509
0.766852140	83.162559509
0.766852140	83.162559509
0.781757236	83.476074219
0.796952009	83.371566772
0.812442124	83.371566772
0.812442124	83.371566772
0.828233302	83.476074219
0.844331563	83.580574036
0.860742569	83.685081482
0.860742569	83.685081482
0.877472579	83.789581299
0.894527733	84.103096008
0.911914408	83.998588562
0.911914408	83.998588562
0.929639041	83.998588562
0.947708189	84.103096008
0.966128469	84.207595825
0.966128469	84.207595825
0.984906971	84.312103271
1.004050374	84.207595825
1.023565769	84.416603088
1.043460488	84.416603088
1.043460488	84.416603088
1.063741922	84.416603088
1.084417582	84.521110535
1.105495095	84.521110535
1.105495095	84.521110535
1.126982212	84.521110535
1.148887038	84.625610352
1.171217680	84.625610352
1.171217680	84.625610352
1.193982244	84.625610352
1.217189312	84.625610352
1.240847468	84.730117798
1.240847468	84.730117798
1.264965534	84.730117798
1.289552212	84.834617615
1.314616919	84.939117432
1.314616919	84.939117432
1.340168715	85.043624878
1.366217256	85.043624878
1.392771959	85.148124695
1.392771959	85.148124695
1.419842839	85.252632141
1.447439909	85.252632141
1.475573778	85.252632141
1.475573778	85.252632141
1.504254103	85.357131958
1.533491850	85.357131958
1.563297868	85.461639404
1.563297868	85.461639404
1.593683243	85.566139221
1.624659181	85.566139221
1.656237245	85.566139221
1.656237245	85.566139221
1.688428998	85.775146484
1.721246481	85.775146484
1.754701853	85.775146484
1.754701853	85.775146484
1.788807511	85.879653931
1.823575974	85.879653931
1.859020352	85.879653931
1.859020352	85.879653931
1.895153522	85.984153748
1.931989074	85.984153748
1.969540596	86.193161011
1.969540596	86.193161011
2.007822514	85.984153748
2.046848059	85.984153748
2.086632013	85.984153748
2.127189159	85.984153748
2.127189159	85.984153748
2.168534756	86.088661194
2.210683823	86.088661194
2.253652334	86.088661194
2.253652334	86.088661194
2.297456026	86.088661194
2.342110872	86.088661194
2.387633801	86.193161011
2.387633801	86.193161011
2.434041500	86.193161011
2.481351376	86.193161011
2.529580593	86.297668457
2.529580593	86.297668457
2.578747272	86.297668457
2.628869534	86.297668457
2.679966211	86.402168274
2.679966211	86.402168274
2.732056618	86.506675720
2.785158873	86.506675720
2.839293242	86.506675720
2.839293242	86.506675720
2.894479752	86.506675720
2.950738907	86.715675354
3.008091450	86.611175537
3.008091450	86.611175537
3.066558838	86.715675354
3.126162767	86.715675354
3.186924934	86.715675354
3.186924934	86.715675354
3.248868227	86.715675354
3.312015533	86.715675354
3.376390219	86.715675354
3.376390219	86.715675354
3.442016125	86.715675354
3.508917570	86.715675354
3.577119350	86.820182800
3.577119350	86.820182800
3.646646738	86.820182800
3.717526674	86.924682617
3.789783239	86.924682617
3.789783239	86.924682617
3.863444090	86.924682617
3.938536644	87.133689880
4.015089035	87.029190063
4.093129158	87.029190063
4.093129158	87.029190063
4.172686100	87.029190063
4.253788948	87.029190063
4.336468697	87.133689880
4.336468697	87.133689880
4.420755386	87.133689880
4.506680489	87.133689880
4.594275475	87.133689880
4.594275475	87.133689880
4.683572769	87.133689880
4.774606228	87.133689880
4.867408752	87.133689880
4.867408752	87.133689880
4.962015152	87.133689880
5.058460236	87.133689880
5.156781673	87.133689880
5.156781673	87.133689880
5.257012367	87.133689880
5.359191418	87.133689880
5.463356495	87.133689880
5.463356495	87.133689880
5.569546223	87.133689880
5.677799702	87.133689880
5.788157463	87.133689880
5.788157463	87.133689880
5.900660038	87.029190063
6.015349865	87.029190063
6.132268429	87.133689880
6.132268429	87.133689880
6.251459122	87.238197327
6.372967243	87.133689880
6.496836662	87.238197327
6.496836662	87.238197327
6.623113632	87.238197327
6.751845360	87.238197327
6.883079052	87.238197327
6.883079052	87.238197327
7.016865253	87.238197327
7.153249741	87.238197327
7.292285442	87.238197327
7.292285442	87.238197327
7.434023380	87.342697144
7.578516483	87.342697144
7.725817680	87.342697144
7.875982285	87.342697144
7.875982285	87.342697144
8.029065132	87.342697144
8.185124397	87.447204590
8.344215393	87.447204590
8.344215393	87.447204590
8.506400108	87.447204590
8.671736717	87.447204590
8.840286255	87.342697144
8.840286255	87.342697144
9.012112617	87.447204590
9.187277794	87.447204590
9.365848541	87.447204590
9.365848541	87.447204590
9.547892570	87.447204590
9.733471870	87.551704407
9.922658920	87.551704407
9.922658920	87.551704407
10.115519524	87.551704407
10.312134743	87.551704407
10.512565613	87.551704407
10.512565613	87.551704407
10.716898918	87.551704407
10.925196648	87.656211853
11.137549400	87.656211853
11.137549400	87.656211853
11.354029655	87.656211853
11.574711800	87.656211853
11.799689293	87.656211853
11.799689293	87.656211853
12.029032707	87.656211853
12.262841225	87.656211853
12.501187325	87.656211853
12.501187325	87.656211853
12.744172096	87.656211853
12.991873741	87.656211853
13.244396210	87.656211853
13.244396210	87.656211853
13.501819611	87.656211853
13.764254570	87.656211853
14.031783104	87.656211853
14.031783104	87.656211853
14.304517746	87.656211853
14.582547188	87.656211853
14.865987778	87.656211853
14.865987778	87.656211853
15.154937744	87.656211853
15.449495316	87.656211853
15.749787331	87.656211853
16.055906296	87.656211853
16.055906296	87.656211853
16.367984772	87.656211853
16.686120987	87.656211853
17.010448456	87.656211853
17.010448456	87.656211853
17.341070175	87.656211853
17.678129196	87.551704407
18.021728516	87.551704407
18.021728516	87.551704407
18.372016907	87.551704407
18.729103088	87.447204590
19.093139648	87.447204590
19.093139648	87.447204590
19.464242935	87.447204590
19.842569351	87.447204590
20.228237152	87.447204590
20.228237152	87.447204590
20.621412277	87.447204590
21.022232056	87.342697144
21.430828094	87.342697144
21.430828094	87.342697144
21.847379684	87.342697144
22.272014618	87.342697144
22.704914093	87.342697144
22.704914093	87.342697144
23.146217346	87.342697144
23.596109390	87.342697144
24.054733276	87.342697144
24.054733276	87.342697144
24.522285461	87.342697144
24.998910904	87.342697144
25.484813690	87.342697144
25.484813690	87.342697144
25.980148315	87.447204590
26.485124588	87.447204590
26.999900818	87.447204590
26.999900818	87.447204590
27.524696350	87.447204590
28.059679031	87.447204590
28.605073929	87.447204590
28.605073929	87.447204590
29.161069870	87.447204590
29.727857590	87.342697144
30.305677414	87.447204590
30.894710541	87.447204590
30.894710541	87.447204590
31.495210648	87.447204590
32.107364655	87.447204590
32.731437683	87.447204590
32.731437683	87.447204590
33.367618561	87.447204590
34.016185760	87.447204590
34.677337646	87.447204590
34.677337646	87.447204590
35.351360321	87.447204590
36.038463593	87.447204590
36.738945007	87.447204590
36.738945007	87.447204590
37.453018188	87.447204590
38.180992126	87.447204590
38.923114777	87.447204590
38.923114777	87.447204590
39.679641724	87.342697144
40.450893402	87.447204590
41.237113953	87.551704407
41.237113953	87.551704407
42.038639069	87.551704407
42.855720520	87.551704407
43.688705444	87.551704407
43.688705444	87.551704407
44.537857056	87.551704407
45.403541565	87.551704407
46.286022186	87.551704407
46.286022186	87.551704407
47.185684204	87.551704407
48.102802277	87.551704407
49.037776947	87.447204590
49.037776947	87.447204590
49.990898132	87.551704407
50.962570190	87.551704407
51.953098297	87.551704407
51.953098297	87.551704407
52.962909698	87.551704407
53.992351532	87.551704407
55.041767120	87.551704407
55.041767120	87.551704407
56.111614227	87.551704407
57.202224731	87.551704407
58.314064026	87.551704407
59.447479248	87.447204590
59.447479248	87.447204590
60.602958679	87.551704407
61.780864716	87.551704407
62.981697083	87.551704407
62.981697083	87.551704407
64.205833435	87.551704407
65.453804016	87.551704407
66.725990295	87.551704407
66.725990295	87.551704407
68.022941589	87.656211853
69.345069885	87.656211853
70.692924500	87.760711670
70.692924500	87.760711670
72.066947937	87.760711670
73.467712402	87.760711670
74.895698547	87.865219116
74.895698547	87.865219116
76.351402283	87.969718933
77.835449219	87.969718933
79.348289490	87.969718933
79.348289490	87.969718933
80.890579224	88.074226379
82.462806702	88.074226379
84.065635681	88.178726196
84.065635681	88.178726196
85.699569702	88.178726196
87.365310669	88.178726196
89.063377380	88.178726196
89.063377380	88.178726196
90.794502258	88.283233643
92.559219360	88.283233643
94.358291626	88.283233643
94.358291626	88.283233643
96.192283630	88.283233643
98.061973572	88.283233643
99.968002319	88.387733459
99.968002319	88.387733459
101.911018372	88.387733459
103.891860962	88.387733459
105.911148071	88.387733459
105.911148071	88.387733459
107.969741821	88.492233276
110.068290710	88.596740723
112.207687378	88.596740723
112.207687378	88.596740723
114.388603210	88.596740723
116.611968994	88.596740723
118.878494263	88.596740723
121.189132690	88.596740723
121.189132690	88.596740723
123.544616699	88.596740723
125.945945740	88.701240540
128.393890381	88.701240540
128.393890381	88.701240540
130.889480591	88.805747986
133.433502197	88.805747986
136.027053833	89.014755249
136.027053833	89.014755249
138.671005249	89.014755249
141.366271973	89.119255066
144.113998413	89.119255066
144.113998413	89.119255066
146.915069580	89.119255066
149.770660400	89.328262329
152.681655884	89.328262329
152.681655884	89.328262329
155.649337769	89.328262329
158.674591064	89.328262329
161.758758545	89.223762512
