5.000229359	4.014331818
6.385454655	4.007527351
7.770679474	4.000723362
9.155903816	3.997321606
10.541129112	3.993919373
11.926353455	3.990517378
14.696804047	3.983713388
16.082029343	3.980311394
17.467254639	3.976909399
18.852479935	3.973507404
20.237703323	3.970105171
21.622928619	3.966703415
24.393377304	3.959899426
25.778602600	3.956497431
27.163827896	3.953095198
28.549053192	3.949693203
29.934278488	3.949693203
31.319501877	3.942889214
34.089954376	3.936085224
35.475177765	3.936085224
36.860401154	3.932683229
38.245628357	3.929281235
39.630851746	3.929281235
42.401302338	3.922477245
43.786529541	3.922477245
45.171752930	3.915673256
46.556976318	3.915673256
47.942203522	3.915673256
49.327426910	3.908869028
52.097877502	3.908869028
53.483100891	3.902065277
54.868324280	3.902065277
56.253551483	3.902065277
57.638774872	3.895261049
59.024002075	3.895261049
61.794452667	3.888457060
63.179679871	3.888457060
64.564895630	3.888457060
65.950126648	3.881652832
67.335350037	3.881652832
68.720581055	3.881652832
71.491027832	3.874849081
72.876251221	3.874849081
74.261482239	3.874849081
75.646697998	3.868045092
77.031929016	3.868045092
78.417152405	3.868045092
81.187599182	3.861240864
82.572822571	3.861240864
83.958053589	3.861240864
85.343276978	3.854436874
86.728500366	3.854436874
88.113723755	3.854436874
90.884178162	3.847632885
92.269401550	3.847632885
93.654624939	3.847632885
95.039848328	3.847632885
96.425079346	3.840828896
99.195526123	3.840828896
100.580749512	3.840828896
101.965972900	3.834024668
103.351196289	3.834024668
104.736427307	3.834024668
106.121650696	3.834024668
108.892097473	3.827220678
110.277328491	3.827220678
111.662551880	3.827220678
113.047767639	3.827220678
114.432998657	3.820416689
115.818222046	3.820416689
118.588668823	3.820416689
119.973899841	3.813612700
121.359123230	3.813612700
122.744354248	3.813612700
124.129570007	3.813612700
125.514808655	3.813612700
128.285247803	3.806808710
129.670471191	3.806808710
131.055694580	3.806808710
132.440917969	3.803406715
133.826156616	3.800004721
135.211380005	3.800004721
137.981811523	3.800004721
139.367050171	3.796602726
140.752273560	3.793200493
142.137496948	3.793200493
143.522720337	3.793200493
144.907958984	3.793200493
147.678390503	3.786396503
149.063613892	3.786396503
150.448837280	3.786396503
151.834075928	3.786396503
153.219299316	3.782994509
154.604522705	3.779592752
157.374984741	3.779592752
158.760192871	3.779592752
160.145416260	3.776190519
161.530639648	3.772788525
162.915863037	3.772788525
165.686325073	3.772788525
167.071548462	3.772788525
168.456771851	3.769386530
169.841995239	3.765984535
171.227218628	3.765984535
172.612442017	3.765984535
175.382904053	3.762582541
176.768127441	3.759180546
178.153335571	3.759180546
179.538558960	3.759180546
180.923782349	3.759180546
182.309020996	3.759180546
185.079452515	3.752376556
186.464675903	3.752376556
187.849914551	3.752376556
189.235137939	3.752376556
190.620361328	3.752376556
192.005584717	3.748974562
194.776031494	3.745572329
196.161254883	3.745572329
197.546478271	3.745572329
198.931701660	3.745572329
200.316940308	3.742170334
201.702163696	3.738768339
204.472610474	3.738768339
205.857833862	3.738768339
207.243057251	3.738768339
208.628280640	3.735366344
210.013504028	3.731964350
211.398742676	3.731964350
214.169189453	3.731964350
215.554397583	3.731964350
216.939620972	3.731964350
218.324859619	3.728562355
219.710083008	3.725160122
221.095306396	3.725160122
223.865768433	3.725160122
225.250991821	3.725160122
226.636199951	3.721758366
228.021423340	3.721758366
229.406661987	3.718356133
232.177108765	3.718356133
233.562332153	3.718356133
234.947555542	3.718356133
236.332794189	3.714954376
237.718002319	3.711552382
239.103225708	3.711552382
241.873687744	3.711552382
243.258911133	3.711552382
244.644134521	3.711552382
246.029357910	3.708150148
247.414581299	3.708150148
248.799804688	3.704748392
251.570251465	3.704748392
252.955490112	3.704748392
254.340713501	3.704748392
255.725921631	3.701346159
257.111175537	3.701346159
258.496368408	3.697944164
261.266815186	3.697944164
262.652069092	3.697944164
264.037292480	3.697944164
265.422485352	3.694542170
266.807739258	3.694542170
268.192932129	3.691140175
270.963409424	3.691140175
272.348632812	3.691140175
273.733856201	3.691140175
275.119079590	3.691140175
276.504302979	3.687738180
277.889526367	3.687738180
280.659973145	3.684336185
282.045227051	3.684336185
283.430419922	3.684336185
284.815673828	3.684336185
286.200866699	3.684336185
288.971343994	3.680934191
290.356536865	3.677532196
291.741790771	3.677532196
293.127014160	3.677532196
294.512237549	3.677532196
295.897460938	3.677532196
298.667907715	3.674129963
300.053131104	3.674129963
301.438354492	3.670727968
302.823577881	3.670727968
304.208801270	3.670727968
305.594024658	3.670727968
308.364471436	3.670727968
309.749694824	3.667325974
311.134948730	3.667325974
312.520141602	3.663923979
313.905395508	3.663923979
315.290588379	3.663923979
318.061065674	3.663923979
319.446258545	3.663923979
320.831512451	3.663923979
322.216705322	3.660521984
323.601959229	3.660521984
324.987182617	3.657119989
327.757629395	3.657119989
329.142852783	3.657119989
330.528076172	3.657119989
331.913299561	3.657119989
333.298522949	3.657119989
334.683746338	3.653717995
337.454193115	3.650316000
338.839447021	3.650316000
340.224639893	3.650316000
341.609863281	3.650316000
342.995117188	3.650316000
344.380310059	3.650316000
347.150787354	3.646914005
348.536010742	3.646914005
349.921234131	3.643512011
351.306427002	3.643512011
352.691680908	3.643512011
355.462127686	3.643512011
356.847351074	3.643512011
358.232574463	3.643512011
359.617797852	3.640110016
361.003051758	3.640110016
362.388244629	3.640110016
365.158721924	3.636708021
366.543914795	3.636708021
367.929168701	3.636708021
369.314361572	3.636708021
370.699615479	3.636708021
372.084838867	3.636708021
374.855285645	3.633305788
376.240478516	3.629904032
377.625732422	3.629904032
379.010955811	3.629904032
380.396179199	3.629904032
381.781402588	3.629904032
384.551849365	3.629904032
385.937072754	3.629904032
387.322296143	3.626501799
388.707519531	3.626501799
390.092773438	3.623099804
391.477966309	3.623099804
394.248413086	3.623099804
395.633636475	3.623099804
397.018890381	3.623099804
398.404083252	3.623099804
399.789337158	3.623099804
401.174560547	3.623099804
403.945007324	3.619697809
405.330200195	3.616295815
406.715454102	3.616295815
408.100677490	3.616295815
409.485900879	3.616295815
410.871124268	3.616295815
413.641571045	3.616295815
415.026824951	3.616295815
416.412017822	3.612893820
417.797241211	3.612893820
419.182464600	3.609491825
421.952941895	3.609491825
423.338134766	3.609491825
424.723388672	3.609491825
426.108612061	3.609491825
427.493804932	3.609491825
428.879058838	3.609491825
431.649505615	3.606089830
433.034729004	3.606089830
434.419952393	3.602687836
435.805175781	3.602687836
437.190368652	3.602687836
438.575622559	3.602687836
441.346069336	3.602687836
442.731292725	3.602687836
444.116546631	3.602687836
445.501739502	3.599285841
446.886993408	3.599285841
448.272186279	3.595883846
451.042663574	3.595883846
452.427856445	3.595883846
453.813110352	3.595883846
455.198303223	3.595883846
456.583557129	3.595883846
457.968780518	3.595883846
460.739227295	3.592481852
462.124450684	3.589079857
463.509674072	3.589079857
464.894897461	3.589079857
466.280120850	3.589079857
467.665344238	3.589079857
470.435791016	3.589079857
471.821014404	3.589079857
473.206237793	3.585677624
474.591461182	3.585677624
475.976715088	3.582275629
478.747161865	3.582275629
480.132385254	3.582275629
481.517578125	3.582275629
482.902832031	3.582275629
484.288024902	3.582275629
485.673278809	3.582275629
488.443725586	3.578873634
489.828948975	3.575471640
491.214141846	3.575471640
492.599395752	3.575471640
493.984619141	3.575471640
495.369842529	3.575471640
498.140319824	3.575471640
499.525512695	3.575471640
500.910766602	3.572069645
502.295959473	3.572069645
503.681182861	3.568667650
505.066406250	3.568667650
507.836883545	3.568667650
509.222076416	3.568667650
510.607299805	3.568667650
511.992584229	3.568667650
513.377807617	3.568667650
514.763000488	3.565265656
517.533447266	3.561863661
518.918701172	3.561863661
520.303894043	3.561863661
521.689086914	3.561863661
523.074340820	3.561863661
524.459533691	3.561863661
527.230041504	3.558461428
528.615234375	3.558461428
530.000427246	3.555059671
531.385742188	3.555059671
532.770935059	3.555059671
534.156127930	3.555059671
536.926574707	3.555059671
538.311828613	3.555059671
539.697021484	3.555059671
541.082275391	3.551657438
542.467468262	3.551657438
545.237976074	3.548255444
546.623168945	3.548255444
548.008361816	3.548255444
549.393615723	3.548255444
550.778869629	3.548255444
552.164062500	3.548255444
554.934509277	3.544853449
556.319702148	3.541451454
557.704956055	3.541451454
559.090209961	3.541451454
560.475402832	3.541451454
561.860595703	3.541451454
564.631103516	3.541451454
566.016296387	3.538049698
567.401550293	3.538049698
568.786743164	3.534647465
570.171997070	3.534647465
571.557250977	3.534647465
574.327636719	3.534647465
575.712890625	3.534647465
577.098144531	3.534647465
578.483337402	3.531245470
579.868530273	3.531245470
581.253784180	3.527843475
584.024230957	3.527843475
585.409484863	3.527843475
586.794677734	3.527843475
588.179870605	3.527843475
589.565185547	3.527843475
590.950378418	3.524441481
593.720764160	3.521039486
595.106079102	3.521039486
596.491271973	3.521039486
597.876464844	3.521039486
599.261718750	3.521039486
600.646911621	3.517637491
603.417419434	3.514235497
604.802612305	3.514235497
606.187805176	3.514235497
607.573120117	3.514235497
608.958312988	3.514235497
611.728698730	3.514235497
613.113952637	3.507431269
614.499206543	3.507431269
615.884399414	3.507431269
617.269653320	3.507431269
618.654846191	3.507431269
621.425354004	3.507431269
622.810546875	3.504029274
624.195739746	3.500627279
625.580993652	3.500627279
626.966247559	3.500627279
628.351440430	3.500627279
631.121887207	3.500627279
632.507080078	3.500627279
633.892333984	3.497225285
635.277587891	3.493823290
636.662780762	3.493823290
638.047973633	3.493823290
640.818481445	3.493823290
642.203674316	3.493823290
643.588928223	3.493823290
644.974121094	3.490421295
646.359375000	3.487019300
647.744567871	3.487019300
650.515014648	3.487019300
651.900268555	3.487019300
653.285522461	3.487019300
654.670715332	3.487019300
656.055908203	3.483617306
657.441162109	3.480215311
660.211608887	3.480215311
661.596862793	3.480215311
662.982055664	3.480215311
664.367248535	3.480215311
665.752502441	3.473411083
667.137756348	3.473411083
669.908142090	3.473411083
671.293457031	3.473411083
672.678649902	3.473411083
674.063842773	3.470009327
675.449096680	3.466607094
678.219543457	3.466607094
679.604797363	3.466607094
680.989990234	3.463205338
682.375183105	3.459803104
683.760437012	3.459803104
685.145690918	3.459803104
687.916076660	3.459803104
689.301330566	3.456401110
690.686584473	3.452999115
692.071777344	3.452999115
693.457031250	3.452999115
694.842224121	3.452999115
697.612731934	3.446195126
698.997924805	3.446195126
700.383117676	3.446195126
701.768310547	3.446195126
703.153625488	3.446195126
704.538818359	3.439390898
707.309265137	3.439390898
708.694458008	3.439390898
710.079711914	3.439390898
711.464965820	3.432586908
712.850158691	3.432586908
714.235351562	3.432586908
717.005859375	3.429184914
718.391052246	3.425783157
719.776245117	3.425783157
721.161499023	3.425783157
722.546752930	3.422380924
723.931945801	3.418979168
726.702392578	3.418979168
728.087585449	3.418979168
729.472900391	3.412174940
730.858093262	3.412174940
732.243286133	3.412174940
735.013793945	3.405370951
736.398986816	3.405370951
737.784179688	3.405370951
739.169433594	3.398566723
740.554626465	3.398566723
741.939880371	3.398566723
744.710327148	3.391762733
746.095520020	3.391762733
747.480834961	3.384958744
748.866027832	3.384958744
750.251220703	3.384958744
751.636474609	3.378154755
754.406921387	3.378154755
755.792114258	3.371350765
757.177368164	3.371350765
758.562561035	3.367948771
759.947814941	3.364546776
761.333068848	3.364546776
764.103454590	3.357742786
765.488708496	3.350938797
766.873962402	3.350938797
768.259155273	3.344134808
769.644409180	3.340732574
771.029602051	3.337330580
773.800048828	3.330526590
775.185302734	3.327124596
776.570495605	3.320320606
777.955688477	3.316918373
779.341003418	3.313516378
780.726196289	3.306712627
783.496643066	3.293104410
784.881835938	3.289702415
786.267089844	3.282898426
787.652343750	3.276094437
789.037536621	3.269290447
790.422729492	3.262486219
793.193237305	3.242074251
794.578430176	3.231868267
795.963623047	3.225064039
797.348876953	3.211456060
798.734130859	3.201250076
801.504577637	3.170631886
802.889770508	3.160425901
804.274963379	3.143415928
805.660278320	3.126405716
807.045471191	3.105993509
808.430664062	3.088983536
811.201171875	3.051561356
812.586364746	3.034551382
813.971557617	3.010737419
815.356811523	2.993727207
816.742004395	2.969913006
818.127258301	2.946098804
820.897705078	2.884862661
822.282897949	2.850842714
823.668151855	2.820224524
825.053405762	2.782802343
826.438598633	2.745380163
827.823791504	2.701153994
830.342590332	2.636218071
833.605285645	2.524038315
