5.486999035	4.040472507
6.864777088	4.033735275
8.242555618	4.026998043
9.620333672	4.020260811
10.998111725	4.016892433
12.375890732	4.010155201
13.753668785	4.003417969
16.509225845	3.996680498
17.887002945	3.989943266
19.264781952	3.989943266
20.642559052	3.983206034
22.020338058	3.979837418
23.398117065	3.976468801
26.153673172	3.969731569
27.531450272	3.966362953
28.909229279	3.962994337
30.287006378	3.956256866
31.664785385	3.956256866
33.042564392	3.949519873
34.420341492	3.949519873
37.175895691	3.942782640
38.553676605	3.936045408
39.931453705	3.936045408
41.309234619	3.936045408
42.687011719	3.929307938
44.064788818	3.929307938
46.820346832	3.922570705
48.198127747	3.919202089
49.575901031	3.915833473
50.953681946	3.915833473
52.331459045	3.909096241
53.709239960	3.909096241
55.087013245	3.905727625
57.842571259	3.902359009
59.220352173	3.895621777
60.598129272	3.895621777
61.975906372	3.892253160
63.353687286	3.888884544
64.731460571	3.888884544
67.487014771	3.882147312
68.864799500	3.882147312
70.242576599	3.878778696
71.620353699	3.875410080
72.998130798	3.875410080
74.375915527	3.872041464
75.753692627	3.868672848
78.509246826	3.865304232
79.887023926	3.861935377
81.264801025	3.861935377
82.642578125	3.858566761
84.020362854	3.855198145
85.398139954	3.855198145
88.153686523	3.851829529
89.531471252	3.848461151
90.909248352	3.848461151
92.287025452	3.845092297
93.664802551	3.841723680
95.042587280	3.841723680
96.420364380	3.838355064
99.175926208	3.834986448
100.553695679	3.834986448
101.931472778	3.831617832
103.309249878	3.831617832
104.687034607	3.828249216
106.064811707	3.828249216
108.820365906	3.821511984
110.198150635	3.821511984
111.575920105	3.821511984
112.953697205	3.818143368
114.331474304	3.814774752
115.709259033	3.814774752
117.087036133	3.811406136
119.842590332	3.808037519
121.220375061	3.808037519
122.598152161	3.804668903
123.975921631	3.804668903
125.353706360	3.801300287
126.731483459	3.801300287
128.109268188	3.801300287
130.864807129	3.797931671
132.242584229	3.794563055
133.620376587	3.794563055
134.998153687	3.791194439
136.375930786	3.791194439
137.753707886	3.787825823
140.509262085	3.784457207
141.887039185	3.784457207
143.264816284	3.784457207
144.642608643	3.781088352
146.020385742	3.781088352
147.398162842	3.777719975
148.775939941	3.777719975
151.531494141	3.774351120
152.909271240	3.774351120
154.287048340	3.770982742
155.664825439	3.770982742
157.042602539	3.767614126
158.420379639	3.767614126
161.175933838	3.764245272
162.553710938	3.764245272
163.931488037	3.760876656
165.309280396	3.760876656
166.687057495	3.757508039
168.064834595	3.757508039
169.442611694	3.757508039
172.198165894	3.754139423
173.575942993	3.754139423
174.953735352	3.750770807
176.331512451	3.750770807
177.709274292	3.750770807
179.087051392	3.747402191
181.842605591	3.744033575
183.220382690	3.744033575
184.598159790	3.744033575
185.975952148	3.740664959
187.353729248	3.740664959
188.731506348	3.737296581
190.109283447	3.737296581
192.864837646	3.737296581
194.242614746	3.733927727
195.620391846	3.733927727
196.998184204	3.730559111
198.375961304	3.730559111
199.753738403	3.730559111
202.509277344	3.727190495
203.887054443	3.727190495
205.264831543	3.727190495
206.642623901	3.723821878
208.020401001	3.723821878
209.398178101	3.723821878
210.775955200	3.720453262
213.531509399	3.717084646
214.909286499	3.717084646
216.287063599	3.717084646
217.664855957	3.717084646
219.042633057	3.713716030
220.420410156	3.713716030
221.798187256	3.710347176
224.553741455	3.710347176
225.931503296	3.710347176
227.309295654	3.706978798
228.687072754	3.706978798
230.064849854	3.706978798
231.442626953	3.703610182
234.198181152	3.703610182
235.575958252	3.703610182
236.953735352	3.700241566
238.331527710	3.700241566
239.709304810	3.696872950
241.087081909	3.696872950
242.464859009	3.696872950
245.220413208	3.696872950
246.598190308	3.693504095
247.975967407	3.693504095
249.353744507	3.690135479
250.731521606	3.690135479
252.109283447	3.690135479
254.864868164	3.690135479
256.242645264	3.686767101
257.620422363	3.686767101
258.998199463	3.686767101
260.375976562	3.683398247
261.753723145	3.683398247
263.131530762	3.683398247
265.887084961	3.680029631
267.264862061	3.680029631
268.642639160	3.680029631
270.020416260	3.676661015
271.398193359	3.676661015
272.775970459	3.676661015
275.531524658	3.676661015
276.909332275	3.673292398
278.287078857	3.673292398
279.664886475	3.673292398
281.042633057	3.669923782
282.420440674	3.669923782
283.798187256	3.669923782
286.553771973	3.669923782
287.931518555	3.666555405
289.309326172	3.666555405
290.687072754	3.666555405
292.064880371	3.663186550
293.442626953	3.663186550
296.198211670	3.663186550
297.575988770	3.663186550
298.953765869	3.663186550
300.331542969	3.659817934
301.709320068	3.659817934
303.087097168	3.659817934
304.464874268	3.656449318
307.220428467	3.656449318
308.598205566	3.656449318
309.975982666	3.656449318
311.353759766	3.653080702
312.731536865	3.653080702
314.109313965	3.653080702
315.487091064	3.649712086
318.242675781	3.649712086
319.620422363	3.649712086
320.998229980	3.649712086
322.375976562	3.649712086
323.753784180	3.646343470
325.131530762	3.646343470
327.887115479	3.646343470
329.264892578	3.642974854
330.642669678	3.642974854
332.020446777	3.642974854
333.398223877	3.642974854
334.775970459	3.642974854
336.153778076	3.642974854
338.909332275	3.639605999
340.287109375	3.639605999
341.664886475	3.636237621
343.042663574	3.636237621
344.420440674	3.636237621
345.798217773	3.636237621
348.553771973	3.636237621
349.931579590	3.636237621
351.309326172	3.632869005
352.687133789	3.632869005
354.064880371	3.632869005
355.442657471	3.629500389
356.820434570	3.629500389
359.575988770	3.629500389
360.953735352	3.629500389
362.331542969	3.629500389
363.709320068	3.629500389
365.087097168	3.626131773
366.464874268	3.626131773
369.220428467	3.626131773
370.598205566	3.622762918
371.975982666	3.622762918
373.353790283	3.622762918
374.731536865	3.622762918
376.109344482	3.622762918
377.487091064	3.622762918
380.242645264	3.619394541
381.620422363	3.619394541
382.998229980	3.619394541
384.375976562	3.619394541
385.753784180	3.616025925
387.131530762	3.616025925
389.887084961	3.616025925
391.264892578	3.616025925
392.642639160	3.616025925
394.020446777	3.616025925
395.398223877	3.616025925
396.776000977	3.612657070
398.153778076	3.612657070
400.909332275	3.612657070
402.287109375	3.612657070
403.664886475	3.612657070
405.042663574	3.612657070
406.420440674	3.609288454
407.798217773	3.609288454
410.553771973	3.609288454
411.931549072	3.605920076
413.309326172	3.605920076
414.687133789	3.605920076
416.064880371	3.605920076
417.442687988	3.605920076
418.820434570	3.602551460
421.575988770	3.602551460
422.953796387	3.602551460
424.331542969	3.602551460
425.709350586	3.602551460
427.087127686	3.602551460
428.464904785	3.599182606
429.842681885	3.599182606
432.598236084	3.599182606
433.975982666	3.599182606
435.353790283	3.595814228
436.731567383	3.595814228
438.109344482	3.595814228
439.487121582	3.595814228
442.242675781	3.595814228
443.620452881	3.595814228
444.998229980	3.592445374
446.376037598	3.592445374
447.753784180	3.592445374
449.131591797	3.592445374
450.509338379	3.592445374
453.264892578	3.589076757
454.642669678	3.589076757
456.020446777	3.589076757
457.398223877	3.589076757
458.776031494	3.589076757
460.153778076	3.589076757
462.909332275	3.585708380
464.287139893	3.585708380
465.664886475	3.585708380
467.042694092	3.585708380
468.420471191	3.582339525
469.798248291	3.582339525
471.176025391	3.582339525
473.931579590	3.582339525
475.309356689	3.582339525
476.687133789	3.582339525
478.064910889	3.582339525
479.442687988	3.578970909
480.820465088	3.578970909
483.576019287	3.578970909
484.953796387	3.575602293
486.331573486	3.575602293
487.709381104	3.575602293
489.087127686	3.575602293
490.464935303	3.575602293
491.842681885	3.575602293
494.598236084	3.575602293
495.976043701	3.572233677
497.353790283	3.572233677
498.731597900	3.572233677
500.109375000	3.572233677
501.487121582	3.572233677
504.242706299	3.568865061
505.620483398	3.568865061
506.998229980	3.568865061
508.376068115	3.568865061
509.753814697	3.568865061
511.131591797	3.568865061
512.509338379	3.568865061
515.264953613	3.565496445
516.642700195	3.565496445
518.020446777	3.565496445
519.398254395	3.562127829
520.776062012	3.562127829
522.153808594	3.562127829
523.531616211	3.562127829
526.287109375	3.562127829
527.664916992	3.562127829
529.042724609	3.562127829
530.420471191	3.558759212
531.798217773	3.558759212
533.176086426	3.558759212
535.931579590	3.558759212
537.309326172	3.555390596
538.687194824	3.555390596
540.064941406	3.555390596
541.442687988	3.555390596
542.820495605	3.555390596
544.198303223	3.555390596
546.953796387	3.555390596
548.331604004	3.552021980
549.709350586	3.552021980
551.087158203	3.552021980
552.464965820	3.552021980
553.842712402	3.548653364
556.598266602	3.548653364
557.976074219	3.548653364
559.353820801	3.548653364
560.731567383	3.548653364
562.109436035	3.548653364
563.487182617	3.548653364
564.864929199	3.545284748
567.620544434	3.545284748
568.998291016	3.545284748
570.376037598	3.541915894
571.753845215	3.541915894
573.131591797	3.541915894
574.509399414	3.541915894
577.264953613	3.541915894
578.642700195	3.541915894
580.020507812	3.541915894
581.398254395	3.538547516
582.776062012	3.538547516
584.153808594	3.538547516
585.531616211	3.538547516
588.287170410	3.535178900
589.664916992	3.535178900
591.042724609	3.535178900
592.420532227	3.535178900
593.798278809	3.535178900
595.176025391	3.535178900
597.931640625	3.531810284
599.309387207	3.531810284
600.687133789	3.531810284
602.064941406	3.531810284
603.442749023	3.531810284
604.820495605	3.528441429
606.198303223	3.528441429
608.953857422	3.528441429
610.331604004	3.528441429
611.709411621	3.528441429
613.087158203	3.525073051
614.464965820	3.525073051
615.842773438	3.525073051
618.598266602	3.521704435
619.976074219	3.521704435
621.353881836	3.521704435
622.731628418	3.521704435
624.109375000	3.521704435
625.487182617	3.521704435
626.864990234	3.521704435
629.620483398	3.518335581
630.998291016	3.518335581
632.376098633	3.518335581
633.753845215	3.514967203
635.131652832	3.514967203
636.509399414	3.514967203
637.887207031	3.514967203
640.642761230	3.511598349
642.020507812	3.511598349
643.398315430	3.511598349
644.776123047	3.511598349
646.153869629	3.508229733
647.531616211	3.508229733
650.287231445	3.508229733
651.664978027	3.504861355
653.042724609	3.504861355
654.420471191	3.504861355
655.798339844	3.504861355
657.176086426	3.504861355
658.553833008	3.504861355
661.309448242	3.501492500
662.687194824	3.501492500
664.064941406	3.498124123
665.442749023	3.498124123
666.820556641	3.498124123
668.198303223	3.498124123
670.953857422	3.494755268
672.331604004	3.494755268
673.709411621	3.494755268
675.087219238	3.491386652
676.464965820	3.491386652
677.842712402	3.491386652
679.220581055	3.491386652
681.976074219	3.491386652
683.353820801	3.488018274
684.731689453	3.488018274
686.109436035	3.484649420
687.487182617	3.484649420
688.864990234	3.484649420
691.620544434	3.484649420
692.998291016	3.481280804
694.376098633	3.481280804
695.753845215	3.477912188
697.131652832	3.477912188
698.509460449	3.477912188
699.887207031	3.477912188
702.642761230	3.474543571
704.020568848	3.471174955
705.398315430	3.471174955
706.776062012	3.471174955
708.153930664	3.471174955
709.531677246	3.467806339
712.287170410	3.464437723
713.665039062	3.464437723
715.042785645	3.461069107
716.420532227	3.461069107
717.798339844	3.457700491
719.176086426	3.457700491
720.553894043	3.454331875
723.309448242	3.450963259
724.687194824	3.450963259
726.065002441	3.450963259
727.442749023	3.447594643
728.820556641	3.444226027
730.198303223	3.444226027
731.576110840	3.444226027
734.331665039	3.437488794
735.709411621	3.437488794
737.087219238	3.434120178
738.465026855	3.430751324
739.842773438	3.430751324
741.220520020	3.427382946
743.976135254	3.424014091
745.353881836	3.420645714
746.731628418	3.417277098
748.109436035	3.417277098
749.487243652	3.413908243
750.864990234	3.410539627
752.242797852	3.410539627
754.998352051	3.403802395
756.376098633	3.397065163
757.753906250	3.397065163
759.131652832	3.390327930
760.509460449	3.390327930
761.887268066	3.383590698
764.642761230	3.376853466
766.020507812	3.376853466
767.398376465	3.370116234
768.776123047	3.363379002
770.153869629	3.363379002
771.531677246	3.356641769
772.909484863	3.349904537
775.664978027	3.343167067
777.042785645	3.336430073
778.420593262	3.329692602
779.798339844	3.326323986
781.176147461	3.319586754
782.553894043	3.312849522
785.309448242	3.296006441
786.687255859	3.289268970
788.065002441	3.279163361
789.442749023	3.269057512
790.820617676	3.262320280
792.198364258	3.252214432
793.576110840	3.242108345
796.331726074	3.218528032
797.709472656	3.208422184
799.087219238	3.198316336
800.464965820	3.184841871
801.842834473	3.171367168
803.220581055	3.154524326
805.976135254	3.124206543
807.353942871	3.107363701
808.731689453	3.087151766
810.109436035	3.056833982
811.487243652	3.043359518
812.864990234	3.029885054
814.242797852	3.016410589
