-0.382111341	3.705076218
1.016495109	3.701750517
2.415101767	3.681797266
3.813708305	3.671820641
5.212315083	3.661844015
6.610920906	3.655192852
8.009528160	3.648541689
9.408134460	3.641890526
10.806740761	3.638565063
12.205347061	3.631913900
15.002560616	3.621937275
16.401168823	3.618611813
17.799774170	3.611960649
19.198379517	3.611960649
20.596986771	3.605309486
21.995592117	3.601984024
23.394199371	3.598658323
24.792804718	3.595332861
26.191413879	3.592007399
27.590019226	3.585356236
30.387231827	3.582030773
31.785839081	3.578705311
33.184448242	3.575379610
34.583049774	3.572054148
35.981658936	3.572054148
37.380264282	3.565402985
38.778869629	3.565402985
40.177478790	3.558751822
41.576084137	3.558751822
42.974693298	3.558751822
44.373294830	3.552100897
47.170513153	3.548775196
48.569118500	3.545449734
49.967723846	3.545449734
51.366329193	3.538798571
52.764938354	3.538798571
54.163539886	3.538798571
55.562149048	3.532147408
56.960758209	3.532147408
58.359363556	3.532147408
59.757968903	3.532147408
62.555179596	3.525496244
63.953788757	3.525496244
65.352394104	3.518845081
66.751007080	3.518845081
68.149612427	3.518845081
69.548210144	3.518845081
70.946823120	3.512194157
72.345428467	3.512194157
73.744033813	3.512194157
75.142646790	3.505542994
77.939849854	3.505542994
79.338462830	3.505542994
80.737068176	3.498891830
82.135681152	3.498891830
83.534278870	3.498891830
84.932884216	3.498891830
86.331497192	3.498891830
87.730102539	3.492240667
89.128707886	3.492240667
90.527313232	3.492240667
93.324523926	3.485589504
94.723136902	3.485589504
96.121734619	3.485589504
97.520347595	3.485589504
98.918952942	3.485589504
100.317558289	3.478938580
101.716171265	3.478938580
103.114768982	3.478938580
104.513374329	3.478938580
105.911987305	3.478938580
108.709197998	3.472287416
110.107803345	3.472287416
111.506408691	3.472287416
112.905021667	3.472287416
114.303627014	3.465636253
115.702232361	3.465636253
117.100837708	3.465636253
118.499443054	3.465636253
119.898048401	3.465636253
121.296661377	3.458985329
122.695266724	3.458985329
125.492485046	3.458985329
126.891075134	3.458985329
128.289688110	3.458985329
129.688293457	3.452334166
131.086898804	3.452334166
132.485504150	3.452334166
133.884109497	3.452334166
135.282730103	3.452334166
136.681335449	3.445683002
138.079940796	3.445683002
140.877136230	3.445683002
142.275756836	3.445683002
143.674362183	3.445683002
145.072967529	3.439031839
146.471572876	3.439031839
147.870178223	3.439031839
149.268783569	3.439031839
150.667404175	3.439031839
152.066009521	3.439031839
153.464599609	3.432380915
156.261810303	3.432380915
157.660430908	3.432380915
159.059036255	3.432380915
160.457641602	3.425729752
161.856246948	3.425729752
163.254852295	3.425729752
164.653457642	3.425729752
166.052078247	3.425729752
167.450668335	3.425729752
168.849273682	3.419078588
171.646484375	3.419078588
173.045104980	3.419078588
174.443710327	3.419078588
175.842315674	3.419078588
177.240921021	3.412427664
178.639526367	3.412427664
180.038131714	3.412427664
181.436737061	3.412427664
182.835342407	3.412427664
184.233947754	3.412427664
185.632553101	3.405776501
188.429779053	3.405776501
189.828384399	3.405776501
191.226989746	3.405776501
192.625595093	3.405776501
194.024185181	3.399125338
195.422805786	3.399125338
196.821411133	3.399125338
198.220016479	3.399125338
199.618621826	3.399125338
201.017227173	3.399125338
203.814453125	3.392474413
205.213058472	3.392474413
206.611648560	3.392474413
208.010253906	3.392474413
209.408859253	3.392474413
210.807479858	3.385823250
212.206085205	3.385823250
213.604690552	3.385823250
215.003295898	3.385823250
216.401901245	3.385823250
219.199127197	3.379172087
220.597717285	3.379172087
221.996322632	3.379172087
223.394927979	3.379172087
224.793533325	3.379172087
226.192153931	3.379172087
227.590759277	3.372520924
228.989364624	3.372520924
230.387969971	3.372520924
231.786575317	3.372520924
234.583786011	3.372520924
235.982391357	3.365869761
237.380996704	3.365869761
238.779602051	3.365869761
240.178207397	3.365869761
241.576828003	3.365869761
242.975433350	3.362544060
244.374038696	3.359218597
245.772644043	3.359218597
247.171234131	3.359218597
249.968460083	3.359218597
251.367065430	3.352567673
252.765686035	3.352567673
254.164276123	3.352567673
255.562866211	3.352567673
256.961486816	3.352567673
258.360076904	3.352567673
259.758697510	3.345916510
261.157318115	3.345916510
262.555938721	3.345916510
263.954528809	3.345916510
266.751739502	3.345916510
268.150329590	3.339265347
269.548950195	3.339265347
270.947540283	3.339265347
272.346160889	3.339265347
273.744750977	3.339265347
275.143371582	3.339265347
276.541992188	3.332614422
277.940612793	3.332614422
279.339202881	3.332614422
282.136413574	3.332614422
283.535003662	3.332614422
284.933624268	3.325963259
286.332214355	3.325963259
287.730834961	3.325963259
289.129425049	3.325963259
290.528045654	3.325963259
291.926666260	3.325963259
293.325286865	3.319312096
294.723876953	3.319312096
297.521087646	3.319312096
298.919677734	3.319312096
300.318298340	3.315986633
301.716888428	3.312661171
303.115509033	3.312661171
304.514099121	3.312661171
305.912719727	3.312661171
307.311340332	3.312661171
308.709930420	3.306010008
310.108551025	3.306010008
312.905761719	3.306010008
314.304351807	3.306010008
315.702972412	3.306010008
317.101562500	3.299358845
318.500183105	3.299358845
319.898773193	3.299358845
321.297363281	3.299358845
322.696014404	3.299358845
324.094604492	3.299358845
325.493225098	3.292707682
326.891815186	3.292707682
329.689025879	3.292707682
331.087646484	3.292707682
332.486236572	3.286056519
333.884826660	3.286056519
335.283447266	3.286056519
336.682037354	3.286056519
338.080688477	3.286056519
339.479278564	3.286056519
340.877899170	3.279405355
342.276489258	3.279405355
345.073699951	3.279405355
346.472320557	3.279405355
347.870910645	3.272754431
349.269500732	3.272754431
350.668121338	3.272754431
352.066711426	3.272754431
353.465362549	3.272754431
354.863952637	3.272754431
356.262573242	3.266103268
357.661163330	3.266103268
360.458404541	3.266103268
361.856994629	3.266103268
363.255615234	3.259452105
364.654205322	3.259452105
366.052825928	3.259452105
367.451416016	3.259452105
368.850036621	3.259452105
370.248657227	3.259452105
371.647247314	3.252800941
373.045867920	3.252800941
375.843078613	3.252800941
377.241668701	3.252800941
378.640289307	3.246149778
380.038879395	3.246149778
381.437469482	3.246149778
382.836090088	3.246149778
384.234710693	3.246149778
385.633331299	3.239498615
387.031921387	3.239498615
388.430541992	3.239498615
391.227752686	3.239498615
392.626342773	3.239498615
394.024932861	3.232847691
395.423553467	3.232847691
396.822143555	3.232847691
398.220764160	3.232847691
399.619384766	3.232847691
401.018005371	3.226196766
402.416595459	3.226196766
403.815216064	3.226196766
405.213806152	3.226196766
408.011016846	3.219545603
409.409606934	3.219545603
410.808227539	3.219545603
412.206817627	3.219545603
413.605438232	3.219545603
415.004058838	3.212894440
416.402679443	3.212894440
417.801269531	3.212894440
419.199890137	3.212894440
420.598480225	3.212894440
423.395690918	3.206243277
424.794281006	3.206243277
426.192901611	3.206243277
427.591491699	3.206243277
428.990112305	3.199592352
430.388732910	3.199592352
431.787353516	3.199592352
433.185943604	3.199592352
434.584533691	3.199592352
435.983154297	3.192941189
438.780364990	3.192941189
440.178955078	3.192941189
441.577575684	3.192941189
442.976165771	3.186290026
444.374786377	3.186290026
445.773406982	3.186290026
447.171997070	3.186290026
448.570617676	3.186290026
449.969207764	3.179638863
451.367828369	3.179638863
454.165039062	3.179638863
455.563629150	3.172987938
456.962249756	3.172987938
458.360839844	3.172987938
459.759460449	3.172987938
461.158081055	3.172987938
462.556671143	3.166336775
463.955291748	3.166336775
465.353881836	3.166336775
466.752502441	3.166336775
468.151092529	3.166336775
470.948303223	3.159685612
472.346923828	3.159685612
473.745513916	3.159685612
475.144104004	3.153034687
476.542755127	3.153034687
477.941345215	3.153034687
479.339965820	3.153034687
480.738555908	3.153034687
482.137176514	3.146383286
483.535766602	3.146383286
486.332977295	3.146383286
487.731567383	3.139732361
489.130187988	3.139732361
490.528778076	3.139732361
491.927429199	3.139732361
493.326019287	3.139732361
494.724639893	3.133080959
496.123229980	3.133080959
497.521850586	3.133080959
498.920440674	3.133080959
501.717620850	3.126430035
503.116241455	3.126430035
504.514862061	3.126430035
505.913482666	3.119779110
507.312072754	3.119779110
508.710693359	3.119779110
510.109313965	3.119779110
511.507934570	3.113127708
512.906494141	3.113127708
514.305114746	3.113127708
517.102294922	3.106476784
518.500915527	3.106476784
519.899536133	3.106476784
521.298156738	3.106476784
522.696716309	3.099825621
524.095336914	3.099825621
525.493957520	3.099825621
526.892578125	3.099825621
528.291137695	3.093174458
529.689819336	3.093174458
532.486999512	3.093174458
533.885620117	3.086523294
535.284240723	3.086523294
536.682861328	3.086523294
538.081420898	3.086523294
539.480041504	3.079872370
540.878662109	3.079872370
542.277221680	3.079872370
543.675842285	3.079872370
545.074462891	3.073221207
546.473083496	3.073221207
549.270263672	3.069895744
550.668884277	3.066570282
552.067504883	3.066570282
553.466064453	3.066570282
554.864685059	3.059919119
556.263305664	3.059919119
557.661865234	3.059919119
559.060485840	3.059919119
560.459106445	3.053267956
561.857788086	3.053267956
564.654968262	3.046617031
566.053588867	3.046617031
567.452148438	3.046617031
568.850769043	3.046617031
570.249389648	3.039965868
571.648010254	3.039965868
573.046569824	3.039965868
574.445190430	3.033314705
575.843811035	3.033314705
577.242431641	3.033314705
580.039611816	3.026663780
581.438232422	3.026663780
582.836791992	3.020012379
584.235412598	3.020012379
585.634033203	3.020012379
587.032653809	3.020012379
588.431213379	3.013361454
589.829833984	3.013361454
591.228515625	3.013361454
592.627136230	3.006710052
595.424316406	3.006710052
596.822937012	3.000059128
598.221496582	3.000059128
599.620117188	2.996733665
601.018737793	2.993408203
602.417358398	2.993408203
603.815917969	2.990082264
605.214538574	2.986756802
606.613159180	2.986756802
608.011718750	2.980105877
609.410339355	2.980105877
612.207580566	2.973454475
613.606140137	2.973454475
615.004760742	2.973454475
616.403381348	2.966803551
617.802001953	2.966803551
619.200561523	2.966803551
620.599182129	2.960152626
621.997802734	2.960152626
623.396423340	2.953501463
624.795043945	2.953501463
627.592285156	2.946850300
628.990844727	2.946850300
630.389465332	2.946850300
631.788085938	2.940199137
633.186706543	2.940199137
634.585266113	2.933547974
635.983886719	2.933547974
637.382507324	2.933547974
638.781066895	2.926896811
640.179687500	2.926896811
642.976928711	2.920245886
644.375488281	2.920245886
645.774108887	2.913594723
647.172729492	2.913594723
648.571289062	2.910269260
649.969909668	2.906943798
651.368530273	2.906943798
652.767211914	2.900292635
654.165771484	2.900292635
655.564392090	2.896967173
658.361633301	2.893641472
659.760192871	2.886990309
661.158813477	2.886990309
662.557434082	2.880339146
663.955993652	2.880339146
665.354614258	2.877013683
666.753234863	2.873688221
668.151855469	2.873688221
669.550415039	2.867037296
670.949035645	2.867037296
673.746276855	2.860385895
675.144836426	2.857060432
676.543457031	2.853734970
677.942077637	2.853734970
679.340637207	2.847083569
680.739257812	2.847083569
682.137878418	2.840432882
683.536499023	2.840432882
684.935119629	2.833781719
686.333740234	2.833781719
687.732360840	2.827130318
690.529541016	2.820479393
691.928161621	2.820479393
693.326782227	2.817153692
694.725341797	2.813828230
696.123962402	2.810502529
697.522583008	2.807177067
698.921203613	2.803851604
700.319763184	2.800526142
701.718383789	2.797200441
703.117004395	2.793874979
705.914184570	2.787223816
707.312805176	2.780572891
708.711425781	2.780572891
710.109985352	2.773921728
711.508605957	2.773921728
712.907226562	2.767270565
714.305908203	2.767270565
715.704467773	2.760619640
717.103088379	2.757293940
718.501708984	2.753968239
721.298889160	2.747317314
722.697509766	2.740665913
724.096130371	2.740665913
725.494689941	2.734014988
726.893310547	2.730689526
728.291931152	2.727363825
729.690490723	2.720712662
731.089111328	2.720712662
732.487731934	2.714061737
733.886352539	2.710736275
736.683532715	2.700759411
738.082153320	2.697433949
739.480773926	2.694108248
740.879333496	2.687457085
742.277954102	2.684131861
743.676574707	2.680806398
745.075195312	2.674155235
746.473815918	2.670829535
747.872436523	2.664178371
749.271057129	2.660852909
750.669616699	2.654201746
753.466857910	2.644225121
754.865417480	2.640899658
756.264038086	2.634248495
757.662658691	2.630923033
759.061279297	2.624271870
760.459838867	2.617620707
761.858459473	2.610969305
763.257080078	2.604318619
764.655700684	2.600993156
766.054260254	2.594341755
768.851501465	2.584365368
770.250061035	2.577713966
771.648681641	2.567737341
773.047302246	2.561086178
774.445922852	2.551109552
775.844543457	2.544458628
777.243164062	2.534482002
778.641784668	2.527830839
780.040405273	2.521179676
781.438964844	2.511203051
