0.789421618	83.243530273
0.789421618	83.243530273
0.794429719	83.347869873
0.799437761	83.243530273
0.804445863	83.034866333
0.809453905	83.243530273
0.814462006	83.347869873
0.819470048	83.452201843
0.824478149	83.660873413
0.829486191	83.869544983
0.834494233	83.973876953
0.839502335	84.078208923
0.844510376	84.286880493
0.849518478	84.495552063
0.854526520	84.599884033
0.859534621	84.704223633
0.864542663	84.912887573
0.869550765	85.121559143
0.869550765	85.121559143
0.874558806	85.225891113
0.879566908	85.330230713
0.884574950	85.538894653
0.889583051	85.643234253
0.894591093	85.747566223
0.899599135	85.956237793
0.904607236	86.060569763
0.909615278	86.164901733
0.914623380	86.269241333
0.919631422	86.477912903
0.924639523	86.582244873
0.929647565	86.686576843
0.934655666	86.790916443
0.939663708	86.999588013
0.944671810	87.103919983
0.949679852	87.103919983
0.949679852	87.103919983
0.954687953	87.312591553
0.959695995	87.312591553
0.964704096	87.521255493
0.969712138	87.625595093
0.974720180	87.834259033
0.979728281	87.938598633
0.984736323	88.147262573
0.989744425	88.147262573
0.994752467	88.251602173
0.999760568	88.251602173
1.004768610	88.355934143
1.009776711	88.460273743
1.014784813	88.460273743
1.019792795	88.564605713
1.024800897	88.564605713
1.029808998	88.668937683
1.029808998	88.668937683
1.034817100	88.668937683
1.039825082	88.773277283
1.044833183	88.773277283
1.049841285	88.773277283
1.054849267	88.981948853
1.059857368	88.981948853
1.064865470	88.981948853
1.069873571	89.190612793
1.074881554	89.190612793
1.079889655	89.190612793
1.084897757	89.503616333
1.089905739	89.503616333
1.094913840	89.503616333
1.099921942	89.503616333
1.104930043	89.607955933
1.109938025	89.607955933
1.109938025	89.607955933
1.114946127	89.607955933
1.119954228	89.712287903
1.124962330	89.816619873
1.129970312	89.816619873
1.134978414	89.816619873
1.139986515	89.816619873
1.144994617	90.025291443
1.150002599	90.025291443
1.155010700	90.025291443
1.160018802	90.129631042
1.165026903	90.129631042
1.170034885	90.233963013
1.175042987	90.233963013
1.180051088	90.338294983
1.185059190	90.338294983
1.190067172	90.442634583
1.190067172	90.442634583
1.195075274	90.442634583
1.200083375	90.546966553
1.205091357	90.442634583
1.210099459	90.651298523
1.215107560	90.651298523
1.220115662	90.651298523
1.225123644	90.651298523
1.230131745	90.755638123
1.235139847	90.859970093
1.240147829	90.859970093
1.245155931	90.859970093
1.250164032	90.859970093
1.255172133	90.964309692
1.260180116	91.068641663
1.265188217	91.068641663
1.270196319	91.068641663
1.270196319	91.068641663
1.275204420	91.068641663
1.280212402	91.172973633
1.285220504	91.277313232
1.290228605	91.277313232
1.295236707	91.277313232
1.300244689	91.277313232
1.305252790	91.381645203
1.310260892	91.485977173
1.315268993	91.485977173
1.320276976	91.485977173
1.325285077	91.485977173
1.330293179	91.485977173
1.335301161	91.485977173
1.340309262	91.590316772
1.345317364	91.590316772
1.350325465	91.694648743
1.350325465	91.694648743
1.355333447	91.694648743
1.360341549	91.694648743
1.365349650	91.694648743
1.370357633	91.694648743
1.375365734	91.694648743
1.380373836	91.798980713
1.385381937	91.798980713
1.390389919	91.903320312
1.395398021	92.007652283
1.400406122	91.903320312
1.405414224	91.903320312
1.410422206	92.007652283
1.415430307	92.111991882
1.420438409	92.111991882
1.425446510	92.111991882
1.430454612	92.320655823
1.430454612	92.320655823
1.435462594	92.320655823
1.440470695	92.320655823
1.445478678	92.320655823
1.450486779	92.529327393
1.455494881	92.529327393
1.460502863	92.529327393
1.465510964	92.529327393
1.470519066	92.737998962
1.475527167	92.737998962
1.480535150	92.737998962
1.485543251	92.737998962
1.490551353	92.946662903
1.495559454	92.946662903
1.500567555	92.946662903
1.505575538	92.946662903
1.510583639	92.946662903
1.510583639	92.946662903
1.515591621	92.946662903
1.520599723	93.051002502
1.525607824	93.051002502
1.530615926	93.051002502
1.535624027	93.051002502
1.540632010	93.155334473
1.545640111	93.155334473
1.550648093	93.155334473
1.555656195	93.259674072
1.560664296	93.259674072
1.565672398	93.259674072
1.570680499	93.364006042
1.575688481	93.468338013
1.580696583	93.468338013
1.585704684	93.468338013
1.590712667	93.468338013
1.590712667	93.468338013
1.595720768	93.781341553
1.600728869	93.468338013
1.605736971	93.468338013
1.610744953	93.468338013
1.615753055	93.468338013
1.620761156	93.572677612
1.625769258	93.572677612
1.630777359	93.572677612
1.635785341	93.572677612
1.640793443	93.572677612
1.645801425	93.572677612
1.650809526	93.677009583
1.655817628	93.677009583
1.660825729	93.781341553
1.665833831	93.781341553
1.670841813	93.781341553
1.670841813	93.781341553
1.675849915	93.781341553
1.680857897	93.781341553
1.685865998	93.781341553
1.690874100	93.885681152
1.695882201	93.885681152
1.700890303	93.885681152
1.705898285	93.990013123
1.710906386	93.990013123
1.715914488	93.990013123
1.720922470	94.094345093
1.725930572	94.094345093
1.730938673	94.094345093
1.735946774	94.094345093
1.740954757	94.094345093
1.745962858	94.094345093
1.750970960	94.094345093
1.750970960	94.094345093
1.755979061	94.094345093
1.760987163	94.094345093
1.765995145	94.094345093
1.771003246	94.094345093
1.776011229	93.990013123
1.781019330	93.990013123
1.786027431	93.990013123
1.791035533	93.990013123
1.796043634	93.990013123
1.801051617	93.885681152
1.806059718	93.885681152
1.811067700	93.885681152
1.816075802	93.990013123
1.821083903	93.990013123
1.826092005	93.990013123
1.831100106	93.990013123
1.831100106	93.990013123
1.836108088	93.990013123
1.841116190	93.990013123
1.846124291	93.990013123
1.851132274	93.990013123
1.856140375	93.990013123
1.861148477	94.094345093
1.866156578	94.094345093
1.871164560	94.094345093
1.876172662	94.094345093
1.881180763	94.094345093
1.886188865	94.094345093
1.891196966	94.094345093
1.896204948	94.094345093
1.901213050	94.094345093
1.906221032	94.094345093
1.911229134	94.094345093
1.911229134	94.094345093
1.916237235	94.094345093
1.921245337	94.094345093
1.926253438	94.198684692
1.931261420	94.198684692
1.936269522	94.198684692
1.941277504	94.198684692
1.946285605	94.198684692
1.951293707	94.198684692
1.956301808	94.198684692
1.961309910	94.198684692
1.966317892	94.198684692
1.971325994	94.198684692
1.976334095	94.198684692
1.981342077	94.198684692
1.986350179	94.198684692
1.991358280	94.198684692
1.996366382	94.407356262
1.996366382	94.407356262
2.001374245	94.198684692
2.006382465	94.303016663
2.011390448	94.303016663
2.016398668	94.303016663
2.021406651	94.303016663
2.026414633	94.511688232
2.031422853	94.511688232
2.036430836	94.511688232
2.041439056	94.616020203
2.046447039	94.616020203
2.051455021	94.616020203
2.056463242	94.616020203
2.061471224	94.511688232
2.066479445	94.407356262
2.071487427	94.511688232
2.076495409	94.511688232
2.076495409	94.511688232
2.081503630	94.511688232
2.086511612	94.511688232
2.091519594	94.407356262
2.096527576	94.511688232
2.101535797	94.511688232
2.106543779	94.616020203
2.111552000	94.616020203
2.116559982	94.616020203
2.121567965	94.616020203
2.126576185	94.511688232
2.131584167	94.511688232
2.136592388	94.511688232
2.141600370	94.511688232
2.146608353	94.511688232
2.151616573	94.616020203
2.156624556	94.616020203
2.156624556	94.616020203
2.161632776	94.616020203
2.166640759	94.720359802
2.171648741	94.720359802
2.176656723	94.720359802
2.181664944	94.720359802
2.186672926	94.720359802
2.191680908	94.824691772
2.196689129	94.720359802
2.201697111	94.720359802
2.206705332	94.720359802
2.211713314	94.720359802
2.216721296	94.720359802
2.221729517	94.720359802
2.226737499	94.824691772
2.231745720	94.824691772
2.236753702	94.824691772
2.236753702	94.824691772
2.241761684	94.824691772
2.246769905	94.824691772
2.251777887	94.824691772
2.256786108	94.824691772
2.261793852	94.824691772
2.266802073	94.929023743
2.271810055	94.929023743
2.276818275	94.929023743
2.281826258	94.929023743
2.286834240	94.929023743
2.291842461	94.929023743
2.296850443	94.929023743
2.301858664	94.929023743
2.306866646	94.929023743
2.311874866	95.033363342
2.316882849	95.033363342
2.316882849	95.033363342
2.321890831	95.033363342
2.326899052	94.929023743
2.331907034	94.929023743
2.336915255	94.929023743
2.341923237	94.929023743
2.346931219	94.929023743
2.351939201	94.929023743
2.356947422	94.929023743
2.361955404	95.033363342
2.366963387	95.033363342
2.371971607	94.929023743
2.376979589	94.929023743
2.381987810	94.929023743
2.386995792	94.929023743
2.392003775	94.929023743
2.397011995	94.929023743
2.397011995	94.929023743
2.402019978	94.929023743
2.407028198	94.929023743
2.412036180	94.929023743
2.417044163	95.033363342
2.422052383	95.033363342
2.427060366	95.137695312
2.432068348	95.137695312
2.437076330	95.137695312
2.442084551	95.242034912
2.447092533	95.242034912
2.452100754	95.242034912
2.457108736	95.242034912
2.462116718	95.242034912
2.467124939	95.346366882
2.472132921	95.346366882
2.477141142	95.346366882
2.477141142	95.346366882
2.482149124	95.346366882
2.487157106	95.346366882
2.492165327	95.346366882
2.497173309	95.346366882
2.502181530	95.346366882
2.507189512	95.450698853
2.512197495	95.450698853
2.517205715	95.450698853
2.522213697	95.555038452
2.527221680	95.555038452
2.532229662	95.555038452
2.537237883	95.555038452
2.542245865	95.555038452
2.547254086	95.659370422
2.552262068	95.659370422
2.557270050	95.659370422
2.557270050	95.659370422
2.562278271	95.659370422
2.567286253	95.659370422
2.572294474	95.659370422
2.577302456	95.659370422
2.582310438	95.763702393
2.587318659	95.763702393
2.592326641	95.763702393
2.597334862	95.763702393
2.602342844	95.763702393
2.607350826	95.868041992
2.612358809	95.868041992
2.617367029	95.868041992
2.622375011	95.868041992
2.627382994	95.868041992
2.632391214	95.868041992
2.637399197	95.868041992
2.637399197	95.868041992
2.642407417	95.868041992
2.647415400	95.868041992
2.652423382	95.868041992
2.657431602	95.868041992
2.662439585	95.972373962
2.667447805	95.972373962
2.672455788	95.972373962
2.677463770	96.076705933
2.682471991	96.076705933
2.687479973	96.076705933
2.692487955	96.076705933
2.697495937	96.076705933
2.702504158	96.076705933
2.707512140	96.076705933
2.712520361	96.076705933
2.717528343	96.076705933
2.717528343	96.076705933
2.722536325	96.076705933
2.727544546	96.076705933
2.732552528	96.076705933
2.737560749	96.076705933
2.742568731	96.076705933
2.747576714	96.181045532
2.752584934	96.181045532
2.757592916	96.285377502
2.762601137	96.285377502
2.767609119	96.285377502
2.772617102	96.285377502
2.777625084	96.285377502
2.782633305	96.285377502
2.787641287	96.285377502
2.792649269	96.494049072
2.797657490	96.389717102
2.797657490	96.389717102
2.802665472	96.389717102
2.807673693	96.389717102
2.812681675	96.389717102
2.817689657	96.494049072
2.822697878	96.494049072
2.827705860	96.494049072
2.832714081	96.494049072
2.837722063	96.494049072
2.842730045	96.494049072
2.847738266	96.494049072
2.852746248	96.494049072
2.857754469	96.494049072
2.862762451	96.494049072
2.867770433	96.494049072
2.872778416	96.598381042
2.877786636	96.598381042
2.877786636	96.598381042
2.882794619	96.702720642
2.887802601	96.702720642
2.892810822	96.702720642
2.897818804	96.702720642
2.902827024	96.702720642
2.907835007	96.702720642
2.912842989	96.702720642
2.917851210	96.702720642
2.922859192	96.702720642
2.927867413	96.702720642
2.932875395	96.702720642
2.937883377	96.702720642
2.942891598	96.702720642
2.947899580	96.702720642
2.952907562	96.702720642
2.957915545	96.702720642
2.957915545	96.702720642
2.962923765	96.702720642
2.967931747	96.702720642
2.972939968	96.702720642
2.977947950	96.702720642
2.982955933	96.702720642
2.987964153	96.702720642
2.992972136	96.702720642
2.997980356	96.702720642
3.002988338	96.702720642
3.007996321	96.702720642
3.013004541	96.702720642
3.018012524	96.702720642
3.023020744	96.702720642
3.028028727	96.702720642
3.033036709	96.702720642
3.038044691	96.702720642
3.038044691	96.702720642
3.043052912	96.702720642
3.048060894	96.702720642
3.053068876	96.702720642
3.058077097	96.702720642
3.063085079	96.702720642
3.068093300	96.702720642
3.073101282	96.702720642
3.078109264	96.702720642
3.083117485	96.702720642
3.088125467	96.702720642
3.093133688	96.702720642
3.098141670	96.702720642
3.103149652	96.702720642
3.108157873	96.702720642
3.113165855	96.702720642
3.118174076	96.702720642
3.118174076	96.702720642
3.123181820	96.702720642
3.128190041	96.598381042
3.133198023	96.598381042
3.138206244	96.598381042
3.143214226	96.598381042
3.148222208	96.598381042
3.153230429	96.598381042
3.158238411	96.598381042
3.163246632	96.598381042
3.168254614	96.598381042
3.173262596	96.598381042
3.178270817	96.598381042
3.183278799	96.494049072
3.188287020	96.389717102
3.193295002	96.285377502
3.198302984	96.494049072
