0.789421618	79.070137024
0.789421618	79.070137024
0.794429719	79.070137024
0.799437761	79.174476624
0.804445863	79.591812134
0.809453905	79.800483704
0.814462006	80.009155273
0.819470048	80.217826843
0.824478149	80.322158813
0.829486191	80.530830383
0.834494233	80.739494324
0.839502335	80.843833923
0.844510376	81.156837463
0.849518478	81.365509033
0.854526520	81.469841003
0.859534621	81.678512573
0.864542663	81.782844543
0.864542663	81.782844543
0.869550765	81.991516113
0.874558806	82.200187683
0.879566908	82.408859253
0.884574950	82.617523193
0.889583051	82.721862793
0.894591093	82.930526733
0.899599135	82.930526733
0.904607236	83.139198303
0.909615278	83.347869873
0.914623380	83.347869873
0.919631422	83.556533813
0.924639523	83.556533813
0.929647565	83.765205383
0.934655666	83.973876953
0.939663708	84.078208923
0.944671810	84.182548523
0.944671810	84.182548523
0.949679852	84.286880493
0.954687953	84.495552063
0.959695995	84.599884033
0.964704096	84.808555603
0.969712138	84.912887573
0.974720180	85.121559143
0.979728281	85.225891113
0.984736323	85.434562683
0.989744425	85.538894653
0.999760568	85.851898193
1.004768610	85.851898193
1.009776711	85.956237793
1.014784813	86.060569763
1.019792795	86.164901733
1.019792795	86.164901733
1.024800897	86.269241333
1.029808998	86.269241333
1.034817100	86.477912903
1.039825082	86.477912903
1.044833183	86.582244873
1.049841285	86.582244873
1.054849267	86.686576843
1.059857368	86.686576843
1.064865470	86.790916443
1.069873571	86.790916443
1.074881554	86.895248413
1.079889655	86.895248413
1.084897757	86.999588013
1.089905739	86.999588013
1.094913840	87.103919983
1.099921942	87.103919983
1.099921942	87.103919983
1.104930043	87.103919983
1.109938025	87.208251953
1.114946127	87.208251953
1.119954228	87.312591553
1.124962330	87.312591553
1.129970312	87.416923523
1.134978414	87.416923523
1.139986515	87.521255493
1.144994617	87.521255493
1.150002599	87.625595093
1.155010700	87.625595093
1.160018802	87.729927063
1.165026903	87.729927063
1.170034885	87.834259033
1.175042987	87.834259033
1.175042987	87.834259033
1.180051088	87.834259033
1.185059190	87.938598633
1.190067172	87.938598633
1.195075274	88.042930603
1.205091357	88.147262573
1.210099459	88.147262573
1.215107560	88.251602173
1.220115662	88.251602173
1.225123644	88.355934143
1.230131745	88.355934143
1.235139847	88.460273743
1.240147829	88.460273743
1.245155931	88.460273743
1.250164032	88.564605713
1.255172133	88.564605713
1.255172133	88.564605713
1.260180116	88.668937683
1.265188217	88.668937683
1.270196319	88.773277283
1.275204420	88.773277283
1.280212402	88.877609253
1.285220504	88.877609253
1.290228605	88.981948853
1.295236707	88.981948853
1.300244689	89.086280823
1.305252790	89.086280823
1.310260892	89.086280823
1.315268993	89.190612793
1.320276976	89.190612793
1.325285077	89.294952393
1.330293179	89.294952393
1.330293179	89.294952393
1.335301161	89.503616333
1.340309262	89.503616333
1.345317364	89.607955933
1.350325465	89.607955933
1.355333447	89.607955933
1.360341549	89.607955933
1.365349650	89.712287903
1.370357633	89.712287903
1.375365734	89.712287903
1.380373836	89.816619873
1.385381937	89.816619873
1.390389919	89.920959473
1.400406122	89.920959473
1.405414224	90.025291443
1.410422206	90.025291443
1.410422206	90.025291443
1.415430307	90.129631042
1.420438409	90.129631042
1.425446510	90.129631042
1.430454612	90.129631042
1.435462594	90.129631042
1.440470695	90.233963013
1.445478678	89.920959473
1.450486779	90.025291443
1.455494881	90.025291443
1.460502863	90.129631042
1.465510964	90.129631042
1.470519066	90.129631042
1.475527167	90.233963013
1.480535150	90.338294983
1.485543251	90.338294983
1.485543251	90.338294983
1.490551353	90.338294983
1.495559454	90.442634583
1.500567555	90.546966553
1.505575538	90.546966553
1.510583639	90.546966553
1.515591621	90.546966553
1.520599723	90.546966553
1.525607824	90.651298523
1.530615926	90.651298523
1.535624027	90.755638123
1.540632010	90.755638123
1.545640111	90.755638123
1.550648093	90.755638123
1.555656195	90.755638123
1.560664296	90.755638123
1.565672398	90.859970093
1.565672398	90.859970093
1.570680499	90.859970093
1.575688481	90.964309692
1.580696583	90.964309692
1.585704684	90.964309692
1.590712667	90.964309692
1.600728869	90.964309692
1.605736971	90.964309692
1.610744953	90.964309692
1.615753055	91.068641663
1.620761156	90.964309692
1.625769258	90.964309692
1.630777359	90.964309692
1.635785341	90.964309692
1.640793443	90.964309692
1.640793443	90.964309692
1.645801425	90.964309692
1.650809526	90.964309692
1.655817628	90.964309692
1.660825729	90.859970093
1.665833831	90.859970093
1.670841813	91.068641663
1.675849915	91.068641663
1.680857897	91.068641663
1.685865998	91.068641663
1.690874100	91.172973633
1.695882201	91.172973633
1.700890303	91.172973633
1.705898285	91.172973633
1.710906386	91.172973633
1.715914488	91.277313232
1.720922470	91.381645203
1.720922470	91.381645203
1.725930572	91.381645203
1.730938673	91.381645203
1.735946774	91.485977173
1.740954757	91.485977173
1.745962858	91.381645203
1.750970960	91.903320312
1.781019330	92.111991882
1.786027431	92.007652283
1.791035533	92.111991882
1.801051617	92.007652283
1.806059718	92.007652283
1.811067700	91.903320312
1.816075802	91.903320312
1.821083903	91.903320312
1.826092005	91.903320312
1.831100106	91.903320312
1.836108088	92.007652283
1.841116190	92.111991882
1.846124291	92.111991882
1.851132274	92.111991882
1.856140375	92.111991882
1.861148477	92.111991882
1.866156578	92.111991882
1.871164560	92.111991882
1.876172662	92.111991882
1.876172662	92.111991882
1.881180763	92.111991882
1.886188865	92.216323853
1.891196966	92.216323853
1.896204948	92.216323853
1.901213050	92.216323853
1.906221032	92.320655823
1.911229134	92.320655823
1.916237235	92.320655823
1.921245337	92.320655823
1.926253438	92.424995422
1.931261420	92.424995422
1.936269522	92.424995422
1.941277504	92.424995422
1.946285605	92.424995422
1.951293707	92.424995422
1.951293707	92.424995422
1.956301808	92.424995422
1.961309910	92.424995422
1.966317892	92.529327393
1.971325994	92.529327393
1.976334095	92.529327393
1.981342077	92.529327393
1.986350179	92.633659363
1.991358280	92.529327393
2.001374245	92.633659363
2.006382465	92.737998962
2.011390448	92.737998962
2.016398668	92.737998962
2.021406651	92.633659363
2.026414633	92.529327393
2.031422853	92.529327393
2.031422853	92.529327393
2.036430836	92.529327393
2.041439056	92.424995422
2.046447039	92.424995422
2.051455021	92.529327393
2.056463242	92.529327393
2.061471224	92.529327393
2.066479445	92.529327393
2.071487427	92.633659363
2.076495409	92.633659363
2.081503630	92.633659363
2.086511612	92.633659363
2.091519594	92.633659363
2.096527576	92.633659363
2.101535797	92.633659363
2.106543779	92.633659363
2.106543779	92.633659363
2.111552000	92.633659363
2.116559982	92.633659363
2.121567965	92.633659363
2.126576185	92.633659363
2.131584167	92.633659363
2.136592388	92.737998962
2.141600370	92.737998962
2.146608353	92.737998962
2.151616573	92.842330933
2.156624556	92.842330933
2.161632776	92.842330933
2.166640759	92.842330933
2.171648741	92.842330933
2.176656723	92.842330933
2.181664944	92.842330933
2.186672926	92.842330933
2.186672926	92.842330933
2.191680908	92.842330933
2.201697111	92.946662903
2.206705332	92.946662903
2.211713314	92.946662903
2.216721296	93.051002502
2.221729517	93.051002502
2.226737499	93.051002502
2.231745720	93.051002502
2.236753702	93.051002502
2.241761684	93.051002502
2.246769905	93.155334473
2.251777887	93.155334473
2.256786108	93.259674072
2.261793852	93.259674072
2.261793852	93.259674072
2.266802073	93.259674072
2.271810055	93.259674072
2.276818275	93.259674072
2.281826258	93.259674072
2.286834240	93.364006042
2.291842461	93.364006042
2.296850443	93.364006042
2.301858664	93.468338013
2.306866646	93.468338013
2.311874866	93.468338013
2.316882849	93.468338013
2.321890831	93.468338013
2.326899052	93.468338013
2.331907034	93.572677612
2.336915255	93.572677612
2.341923237	93.677009583
2.341923237	93.677009583
2.346931219	93.677009583
2.351939201	93.677009583
2.356947422	93.677009583
2.361955404	93.677009583
2.366963387	93.677009583
2.402019978	93.885681152
1.765995145	91.798980713
2.376979589	93.677009583
2.386995792	93.885681152
2.407028198	93.885681152
2.412036180	93.885681152
2.417044163	93.885681152
2.417044163	93.885681152
2.422052383	93.885681152
2.427060366	93.885681152
2.432068348	93.885681152
2.437076330	93.885681152
2.442084551	93.990013123
2.447092533	93.990013123
2.452100754	93.990013123
2.457108736	93.990013123
2.462116718	94.094345093
2.467124939	94.094345093
2.472132921	94.094345093
2.477141142	94.094345093
2.482149124	94.094345093
2.487157106	94.094345093
2.492165327	94.094345093
2.497173309	94.094345093
2.497173309	94.094345093
2.502181530	94.094345093
2.507189512	94.094345093
2.512197495	94.094345093
2.517205715	94.094345093
2.522213697	94.094345093
2.527221680	94.094345093
2.532229662	94.094345093
2.537237883	94.094345093
2.542245865	94.094345093
2.547254086	94.094345093
2.552262068	94.198684692
2.557270050	94.198684692
2.562278271	94.198684692
2.567286253	94.198684692
2.572294474	94.303016663
2.572294474	94.303016663
2.577302456	94.303016663
2.582310438	94.303016663
2.587318659	94.198684692
2.592326641	94.303016663
2.602342844	94.303016663
2.607350826	94.303016663
2.612358809	94.303016663
2.617367029	94.303016663
2.622375011	94.407356262
2.627382994	94.407356262
2.632391214	94.407356262
2.637399197	94.407356262
2.642407417	94.407356262
2.647415400	94.407356262
2.652423382	94.407356262
2.652423382	94.407356262
2.657431602	94.407356262
2.662439585	94.407356262
2.667447805	94.407356262
2.672455788	94.407356262
2.677463770	94.407356262
2.682471991	94.407356262
2.687479973	94.407356262
2.692487955	94.407356262
2.697495937	94.407356262
2.702504158	94.407356262
2.707512140	94.407356262
2.712520361	94.407356262
2.717528343	94.407356262
2.722536325	94.407356262
2.727544546	94.407356262
2.727544546	94.407356262
2.732552528	94.407356262
2.737560749	94.303016663
2.742568731	94.303016663
2.747576714	94.303016663
2.752584934	94.303016663
2.757592916	94.303016663
2.762601137	94.303016663
2.767609119	94.303016663
2.772617102	94.303016663
2.777625084	94.303016663
2.782633305	94.303016663
2.787641287	94.303016663
2.797657490	94.303016663
2.802665472	94.303016663
2.807673693	94.303016663
2.807673693	94.303016663
2.812681675	94.303016663
2.817689657	94.303016663
2.822697878	94.303016663
2.827705860	94.303016663
2.832714081	94.303016663
2.837722063	94.303016663
2.842730045	94.303016663
2.847738266	94.198684692
2.852746248	94.407356262
2.857754469	94.407356262
2.862762451	94.511688232
2.867770433	94.511688232
2.872778416	94.511688232
2.877786636	94.616020203
2.882794619	94.616020203
2.882794619	94.616020203
2.887802601	94.824691772
2.892810822	94.720359802
2.897818804	94.720359802
2.902827024	94.720359802
2.907835007	94.720359802
2.912842989	94.720359802
2.917851210	94.720359802
2.922859192	94.720359802
2.927867413	94.720359802
2.932875395	94.720359802
2.937883377	94.720359802
2.942891598	94.720359802
2.947899580	94.720359802
2.952907562	94.720359802
2.957915545	94.720359802
2.962923765	94.720359802
2.962923765	94.720359802
2.967931747	94.720359802
2.972939968	94.720359802
2.977947950	94.720359802
2.982955933	94.720359802
2.987964153	94.720359802
2.992972136	94.720359802
3.002988338	94.720359802
3.007996321	94.616020203
3.013004541	94.511688232
3.018012524	94.407356262
3.023020744	94.303016663
3.028028727	94.198684692
3.033036709	94.198684692
3.038044691	93.990013123
3.038044691	93.990013123
3.043052912	93.990013123
3.048060894	93.885681152
3.053068876	93.781341553
3.058077097	93.677009583
3.063085079	93.572677612
3.068093300	93.572677612
3.073101282	93.364006042
3.078109264	93.364006042
3.083117485	93.155334473
3.088125467	93.155334473
3.093133688	93.051002502
3.098141670	92.946662903
3.103149652	92.737998962
3.108157873	92.737998962
3.113165855	92.529327393
3.118174076	92.529327393
3.118174076	92.529327393
3.123181820	92.320655823
3.128190041	92.111991882
3.133198023	92.111991882
3.138206244	91.903320312
3.143214226	91.903320312
3.148222208	91.694648743
3.153230429	91.485977173
3.158238411	91.485977173
3.163246632	91.381645203
3.168254614	91.277313232
3.173262596	91.068641663
3.178270817	90.964309692
3.183278799	90.964309692
3.188287020	91.172973633
3.193295002	91.068641663
