0.098865040	69.041099548
0.098865040	69.041099548
0.100263089	69.142448425
0.101680905	69.243789673
0.103118777	69.345138550
0.104576975	69.649185181
0.106055796	69.851882935
0.107555531	69.953231812
0.109076470	70.155929565
0.110618919	70.358627319
0.112183176	70.459976196
0.113769561	70.764022827
0.115378372	70.966720581
0.117009938	70.966720581
0.118664570	71.169418335
0.120342605	71.372116089
0.122044370	71.574806213
0.123770200	71.777503967
0.125520423	71.878852844
0.127295405	72.081550598
0.129095495	72.284248352
0.130921021	72.486946106
0.132772386	72.689643860
0.134649917	72.892341614
0.136553988	73.095031738
0.138485000	73.297729492
0.140443325	73.500427246
0.142429322	73.703125000
0.142429322	73.703125000
0.144443408	73.905822754
0.146485984	74.108520508
0.148557439	74.311218262
0.150658190	74.513916016
0.152788654	74.716613770
0.154949233	74.919311523
0.157140359	75.122009277
0.159362480	75.324707031
0.161616027	75.527404785
0.163901433	75.730094910
0.166219160	75.831443787
0.168569654	76.034141541
0.170953408	76.236839294
0.173370853	76.439537048
0.175822496	76.642234802
0.178308800	76.642234802
0.180830255	76.844932556
0.183387369	77.047630310
0.185980648	77.148979187
0.188610598	77.250328064
0.191277742	77.351676941
0.193982601	77.453025818
0.196725696	77.655723572
0.199507594	77.655723572
0.202328831	77.757072449
0.205189958	77.858413696
0.205189958	77.858413696
0.208091542	78.061111450
0.211034164	78.061111450
0.214018390	78.162460327
0.217044815	78.162460327
0.220114052	78.365158081
0.223226681	78.466506958
0.226383328	78.567855835
0.229584605	78.669204712
0.232831150	78.871902466
0.236123621	78.973251343
0.239462644	79.175949097
0.242848858	79.277297974
0.246282995	79.581344604
0.249765679	79.784042358
0.253297627	79.885391235
0.256879479	79.986732483
0.260512024	80.189430237
0.264195919	80.290779114
0.267931908	80.290779114
0.271720737	80.493476868
0.275563121	80.594825745
0.279459864	80.797523499
0.283411682	80.898872375
0.287419409	81.000221252
0.291483819	81.101570129
0.295605659	81.202919006
0.295605659	81.202919006
0.299785852	81.405616760
0.304025084	81.506965637
0.308324337	81.608314514
0.312684327	81.608314514
0.317105979	81.811012268
0.321590185	81.811012268
0.326137781	82.013710022
0.330749691	82.115058899
0.335426807	82.216407776
0.340170056	82.419097900
0.344980419	82.520446777
0.349858761	82.723144531
0.354806125	82.824493408
0.359823436	82.925842285
0.364911705	83.027191162
0.370071888	83.027191162
0.375305057	83.027191162
0.380612284	83.229888916
0.385994494	83.229888916
0.391452849	83.229888916
0.396988362	83.331237793
0.402602166	83.331237793
0.408295363	83.432586670
0.414069057	83.635284424
0.419924408	83.635284424
0.425862551	83.837982178
0.425862551	83.837982178
0.431884676	83.837982178
0.437991947	84.040672302
0.444185555	84.040672302
0.450466812	84.243370056
0.456836820	84.243370056
0.463296980	84.243370056
0.469848424	84.243370056
0.476492524	84.243370056
0.483230621	84.344718933
0.490063965	84.344718933
0.496993989	84.446067810
0.504021943	84.446067810
0.511149347	84.446067810
0.518377483	84.648765564
0.525707841	84.648765564
0.533141851	84.750114441
0.540681005	84.851463318
0.548326790	84.851463318
0.556080639	84.952812195
0.563944221	85.054161072
0.571918845	85.054161072
0.580006361	85.155509949
0.588208258	85.256858826
0.596526146	85.256858826
0.604961514	85.256858826
0.604961514	85.256858826
0.613516212	85.459556580
0.622191966	85.662254333
0.630990386	85.662254333
0.639913261	85.662254333
0.648962200	85.864952087
0.658139169	85.864952087
0.667445958	85.966300964
0.676884174	86.067649841
0.686456025	86.067649841
0.696163237	86.168998718
0.706007719	86.168998718
0.715991259	86.270347595
0.726116121	86.270347595
0.736384153	86.473045349
0.746797264	86.473045349
0.757357776	86.473045349
0.768067598	86.473045349
0.778928876	86.675735474
0.789943576	86.675735474
0.801114202	86.777084351
0.812442780	86.675735474
0.823931396	86.675735474
0.835582674	86.777084351
0.847398639	86.777084351
0.859381616	86.878433228
0.871534169	86.878433228
0.871534169	86.878433228
0.883858562	86.878433228
0.896357238	86.878433228
0.909032464	86.777084351
0.921887159	86.878433228
0.934923589	86.878433228
0.948144197	86.979782104
0.961551905	86.979782104
0.975149274	86.979782104
0.988938928	86.979782104
1.002923369	86.979782104
1.017105699	86.878433228
1.031488657	86.979782104
1.046074748	86.979782104
1.060867310	86.979782104
1.075869083	87.081130981
1.091083050	87.081130981
1.106511831	87.081130981
1.122159123	87.081130981
1.138027549	87.081130981
1.154120207	87.081130981
1.170440674	87.081130981
1.186991930	87.081130981
1.203777075	87.081130981
1.220799685	87.081130981
1.238063097	87.081130981
1.255570650	87.081130981
1.255570650	87.081130981
1.273325443	87.081130981
1.291331530	87.081130981
1.309592366	87.081130981
1.328111053	87.081130981
1.346891999	87.081130981
1.365938425	87.081130981
1.385254145	87.182479858
1.404842854	87.182479858
1.424708843	87.182479858
1.444855690	87.283828735
1.465287089	87.283828735
1.486007810	87.283828735
1.507021546	87.283828735
1.528332353	87.283828735
1.549944282	87.283828735
1.571862102	87.283828735
1.594089866	87.283828735
1.616631627	87.283828735
1.639492512	87.486526489
1.662676692	87.486526489
1.686188579	87.486526489
1.710032701	87.486526489
1.734214425	87.689224243
1.758738041	87.689224243
1.783607960	87.689224243
1.808830142	87.689224243
1.808830142	87.689224243
1.834408879	87.891921997
1.860348940	87.891921997
1.886656165	87.993270874
1.913335443	88.094619751
1.940392017	88.094619751
1.967830777	88.297317505
1.995658040	88.195968628
2.023878574	88.297317505
2.052498102	88.398666382
2.081522465	88.398666382
2.110957384	88.398666382
2.140808582	88.398666382
2.171081305	88.398666382
2.201782703	88.500015259
2.232918262	88.601356506
2.264493465	88.601356506
2.296515942	88.601356506
2.328990936	88.601356506
2.361925364	88.601356506
2.395324945	88.804054260
2.429197311	88.804054260
2.463548660	88.804054260
2.498385429	88.804054260
2.533715010	88.804054260
2.569544554	88.804054260
2.605880022	88.905403137
2.605880022	88.905403137
2.642729759	88.905403137
2.680100918	89.108100891
2.718000174	89.108100891
2.756435156	89.209449768
2.795413971	89.310798645
2.834944010	89.310798645
2.875032425	89.513496399
2.915688515	89.513496399
2.956919432	89.614845276
2.998733282	89.716194153
3.041137934	89.614845276
3.084142685	89.716194153
3.127755642	89.817543030
3.171984673	89.918891907
3.216840506	89.918891907
3.262329340	89.918891907
3.308461428	89.918891907
3.355247259	89.918891907
3.402693272	89.918891907
3.450810194	89.918891907
3.499608994	90.020240784
3.549096346	90.020240784
3.599283457	90.121589661
3.650182009	90.121589661
3.701798677	90.121589661
3.754145145	90.121589661
3.754145145	90.121589661
3.807233334	90.121589661
3.861070871	90.121589661
3.915671349	90.222938538
3.971042156	90.222938538
4.027195930	90.121589661
4.084145546	90.020240784
4.141898632	90.121589661
4.200468540	90.121589661
4.259868622	90.121589661
4.320106506	90.121589661
4.381196499	90.222938538
4.443152428	90.222938538
4.505981922	90.222938538
4.569700241	90.222938538
4.634321690	90.222938538
4.699854851	90.121589661
4.766314983	90.121589661
4.833716393	90.121589661
4.902069092	90.121589661
4.971390724	90.121589661
5.041690350	90.121589661
5.112984180	90.222938538
5.185287952	90.222938538
5.258612156	90.222938538
5.332973480	90.222938538
5.408388615	90.222938538
5.408388615	90.222938538
5.484867573	90.222938538
5.562427998	90.222938538
5.641088009	90.222938538
5.720857620	90.222938538
5.801755428	90.222938538
5.883799553	90.222938538
5.967000961	90.222938538
6.051379681	90.222938538
6.136953831	90.222938538
6.223735332	90.222938538
6.311746597	90.222938538
6.401000023	90.222938538
6.491515636	90.324287415
6.583313942	90.324287415
6.676407337	90.425636292
6.770817280	90.425636292
6.866565228	90.526985168
6.963664055	90.628334045
7.062136173	90.831024170
7.162003517	90.729682922
7.263280392	90.729682922
7.365989208	90.729682922
7.470153332	90.729682922
7.575787544	90.729682922
7.682918549	90.729682922
7.791561604	90.729682922
7.791561604	90.729682922
7.901741028	90.729682922
8.013481140	90.831024170
8.126798630	90.729682922
8.241718292	90.729682922
8.358266830	90.729682922
8.476459503	90.729682922
8.596323967	90.729682922
8.717886925	90.729682922
8.841164589	90.628334045
8.966186523	90.628334045
9.092979431	90.526985168
9.221561432	90.628334045
9.351962090	90.628334045
9.484210968	90.628334045
9.618325233	90.628334045
9.754340172	90.628334045
9.892274857	90.628334045
10.032159805	90.628334045
10.174027443	90.628334045
10.317896843	90.628334045
10.463800430	90.628334045
10.611771584	90.628334045
10.761831284	90.628334045
10.914011955	90.628334045
11.068349838	90.628334045
11.224865913	90.628334045
11.224865913	90.628334045
11.383594513	90.628334045
11.544572830	90.628334045
11.707822800	90.628334045
11.873386383	90.628334045
12.041285515	90.628334045
12.211559296	90.628334045
12.384245872	90.628334045
12.559370041	90.628334045
12.736969948	90.628334045
12.917086601	90.628334045
13.099744797	90.729682922
13.284986496	90.729682922
13.472852707	90.729682922
13.663370132	90.729682922
13.856581688	90.729682922
14.052531242	90.831024170
14.251245499	90.831024170
14.452770233	90.831024170
14.657150269	90.831024170
14.864414215	90.831024170
15.074616432	90.831024170
15.287783623	90.831024170
15.503965378	90.831024170
15.723211288	90.831024170
15.945550919	90.831024170
16.171033859	90.831024170
16.171033859	90.831024170
16.399713516	90.831024170
16.631618500	90.831024170
16.866804123	90.831024170
17.105321884	90.831024170
17.347204208	90.831024170
17.592508316	90.831024170
17.841289520	90.831024170
18.093580246	90.831024170
18.349437714	90.831024170
18.608921051	90.831024170
18.872068405	90.831024170
19.138942719	90.831024170
19.409582138	90.831024170
19.684051514	90.831024170
19.962408066	90.831024170
20.244693756	90.831024170
20.530969620	90.831024170
20.821302414	90.831024170
21.115734100	90.831024170
21.414327621	90.831024170
21.717153549	90.831024170
22.024251938	90.831024170
22.335693359	90.831024170
22.651548386	90.831024170
22.971860886	90.831024170
22.971860886	90.831024170
23.296710968	90.831024170
23.626146317	90.831024170
23.960239410	90.831024170
24.299066544	90.831024170
24.642675400	90.831024170
24.991144180	90.932373047
25.344551086	90.932373047
25.702943802	90.932373047
26.066404343	90.932373047
26.435016632	90.932373047
26.808830261	91.135070801
27.187929153	91.135070801
27.572399139	91.135070801
27.962297440	91.236419678
28.357707977	91.236419678
28.758720398	91.236419678
29.165393829	91.236419678
29.577827454	91.236419678
29.996084213	91.236419678
30.420253754	91.135070801
30.850433350	91.236419678
31.286684036	91.236419678
31.729104996	91.236419678
32.177795410	91.236419678
32.632816315	91.236419678
33.094268799	91.236419678
33.094268799	91.236419678
33.562263489	91.236419678
34.036861420	91.236419678
34.518173218	91.236419678
35.006301880	91.236419678
35.501319885	91.236419678
36.003337860	91.236419678
36.512470245	91.236419678
37.028789520	91.236419678
37.552421570	91.236419678
38.083442688	91.236419678
38.621974945	91.236419678
39.168140411	91.236419678
39.722007751	91.236419678
40.283710480	91.135070801
40.853374481	91.236419678
41.431076050	91.236419678
42.016944885	91.236419678
42.611118317	91.236419678
43.213672638	91.236419678
43.824752808	91.236419678
44.444488525	91.236419678
45.072971344	91.236419678
45.710357666	91.236419678
46.356742859	91.236419678
47.012264252	91.236419678
47.677078247	91.236419678
47.677078247	91.236419678
48.351268768	91.236419678
49.034996033	91.236419678
49.728412628	91.236419678
50.431613922	91.236419678
51.144760132	91.337768555
51.868011475	91.236419678
52.601467133	91.337768555
53.345298767	91.337768555
54.099666595	91.337768555
54.864681244	91.337768555
55.640514374	91.540466309
56.427341461	91.439117432
57.225269318	91.439117432
58.034507751	91.439117432
58.855163574	91.439117432
59.687423706	91.439117432
60.531478882	91.337768555
61.387443542	91.439117432
62.255516052	91.439117432
63.135887146	91.439117432
64.028678894	91.439117432
64.934097290	91.439117432
65.852348328	91.337768555
66.783554077	91.337768555
67.727928162	91.337768555
68.685691833	91.337768555
68.685691833	91.337768555
69.656959534	91.236419678
70.641967773	91.337768555
71.640937805	91.236419678
72.653999329	91.236419678
73.681419373	91.236419678
74.723335266	91.236419678
75.779983521	91.236419678
76.851608276	91.236419678
77.938354492	91.236419678
79.040466309	91.236419678
80.158195496	91.236419678
81.291702271	91.236419678
82.441238403	91.337768555
83.607055664	91.337768555
84.789329529	91.337768555
85.988327026	91.337768555
87.204307556	91.337768555
88.437446594	91.439117432
89.688064575	91.540466309
90.956329346	91.439117432
92.242523193	91.641815186
93.546951294	91.743164062
94.869781494	91.743164062
96.211318970	91.945861816
97.571868896	91.945861816
98.951614380	91.743164062
