5.654295444	3.795040846
7.983096600	3.779937267
10.311896324	3.772385359
10.311896324	3.772385359
12.640697479	3.764833450
14.969498634	3.757281542
17.298297882	3.749729633
19.627099991	3.742177963
21.955900192	3.734626055
24.284700394	3.730849981
26.613500595	3.723298073
28.942302704	3.719522238
28.942302704	3.719522238
31.271102905	3.711970329
33.599903107	3.704418659
35.928703308	3.696866512
38.257503510	3.689314604
40.586303711	3.681762934
42.915107727	3.674211025
45.243907928	3.670435190
45.243907928	3.670435190
47.572708130	3.666659117
49.901504517	3.659107208
52.230308533	3.651555538
54.559108734	3.647779703
56.887908936	3.640227795
59.216709137	3.636451721
61.545513153	3.628899813
63.874313354	3.625123978
63.874313354	3.625123978
66.203117371	3.621348143
68.531913757	3.613796234
70.860717773	3.606244326
73.189514160	3.602468252
75.518310547	3.598692417
77.847114563	3.594916582
80.175910950	3.591140747
80.175910950	3.591140747
82.504714966	3.583588839
84.833518982	3.579812765
87.162315369	3.576036930
89.491119385	3.572260857
91.819923401	3.568485022
94.148719788	3.560933352
96.477523804	3.560933352
96.477523804	3.560933352
98.806320190	3.553381205
101.135124207	3.553381205
103.463920593	3.549605370
105.792716980	3.545829535
108.121520996	3.542053461
110.450325012	3.538277626
112.779121399	3.534501553
115.107925415	3.530725718
115.107925415	3.530725718
117.436729431	3.530725718
119.765525818	3.526949883
122.094329834	3.523173809
124.423126221	3.523173809
126.751930237	3.519397974
129.080734253	3.519397974
131.409530640	3.515621901
131.409530640	3.515621901
133.738327026	3.515621901
136.067138672	3.515621901
138.395935059	3.511846066
140.724731445	3.511846066
143.053543091	3.511846066
145.382339478	3.511846066
147.711120605	3.511846066
147.711120605	3.511846066
150.039932251	3.511846066
152.368728638	3.511846066
154.697525024	3.511846066
157.026336670	3.511846066
159.355133057	3.511846066
161.683929443	3.511846066
164.012741089	3.511846066
166.341537476	3.511846066
166.341537476	3.511846066
168.670333862	3.511846066
170.999145508	3.511846066
173.327941895	3.511846066
175.656738281	3.511846066
177.985549927	3.511846066
180.314346313	3.511846066
182.643142700	3.511846066
182.643142700	3.511846066
184.971939087	3.511846066
187.300750732	3.511846066
189.629547119	3.511846066
191.958343506	3.508069992
194.287155151	3.508069992
196.615951538	3.508069992
198.944747925	3.508069992
201.273559570	3.508069992
201.273559570	3.508069992
203.602355957	3.508069992
205.931152344	3.508069992
208.259948730	3.508069992
210.588745117	3.508069992
212.917541504	3.508069992
215.246353149	3.508069992
217.575149536	3.508069992
217.575149536	3.508069992
219.903945923	3.504294157
222.232757568	3.504294157
224.561553955	3.504294157
226.890365601	3.504294157
229.219161987	3.504294157
231.547973633	3.504294157
233.876770020	3.504294157
233.876770020	3.504294157
236.205566406	3.504294157
238.534347534	3.500518322
240.863143921	3.500518322
243.191955566	3.500518322
245.520751953	3.500518322
247.849548340	3.500518322
250.178344727	3.500518322
252.507156372	3.500518322
252.507156372	3.500518322
254.835952759	3.500518322
257.164764404	3.496742249
259.493560791	3.496742249
261.822357178	3.496742249
264.151153564	3.496742249
266.479949951	3.496742249
268.808746338	3.496742249
268.808746338	3.496742249
271.137573242	3.496742249
273.466369629	3.492966413
275.795166016	3.492966413
278.123962402	3.492966413
280.452758789	3.492966413
282.781555176	3.492966413
285.110382080	3.492966413
285.110382080	3.492966413
287.439178467	3.492966413
289.767974854	3.489190578
292.096771240	3.489190578
294.425567627	3.489190578
296.754364014	3.489190578
299.083160400	3.489190578
301.411956787	3.489190578
303.740753174	3.489190578
303.740753174	3.489190578
306.069549561	3.485414505
308.398345947	3.485414505
310.727142334	3.485414505
313.055969238	3.485414505
315.384765625	3.485414505
317.713562012	3.485414505
320.042358398	3.481638670
320.042358398	3.481638670
322.371154785	3.481638670
324.699951172	3.481638670
327.028778076	3.481638670
329.357574463	3.481638670
331.686370850	3.481638670
334.015167236	3.477862597
336.343963623	3.477862597
338.672760010	3.477862597
338.672760010	3.477862597
341.001556396	3.477862597
343.330383301	3.477862597
345.659179688	3.477862597
347.987976074	3.477862597
350.316772461	3.474086761
352.645568848	3.474086761
354.974365234	3.474086761
354.974365234	3.474086761
357.303192139	3.474086761
359.631988525	3.474086761
361.960784912	3.470310688
364.289581299	3.470310688
366.618377686	3.470310688
368.947174072	3.470310688
371.275970459	3.470310688
371.275970459	3.470310688
373.604797363	3.470310688
375.933593750	3.466535091
378.262390137	3.466535091
380.591186523	3.466535091
382.919982910	3.466535091
385.248779297	3.466535091
387.577606201	3.466535091
389.906402588	3.462759018
389.906402588	3.462759018
392.235198975	3.462759018
394.563995361	3.462759018
396.892791748	3.462759018
399.221557617	3.462759018
401.550384521	3.458982944
403.879180908	3.458982944
406.207977295	3.458982944
406.207977295	3.458982944
408.536773682	3.458982944
410.865570068	3.458982944
413.194366455	3.455207109
415.523193359	3.455207109
417.851989746	3.455207109
420.180786133	3.455207109
422.509582520	3.455207109
422.509582520	3.455207109
424.838378906	3.455207109
427.167175293	3.451431036
429.496002197	3.451431036
431.824798584	3.451431036
434.153594971	3.451431036
436.482391357	3.451431036
438.811187744	3.447655201
441.139984131	3.447655201
441.139984131	3.447655201
443.468780518	3.447655201
445.797607422	3.447655201
448.126403809	3.447655201
450.455230713	3.443879128
452.784027100	3.443879128
455.112823486	3.443879128
457.441589355	3.443879128
457.441589355	3.443879128
459.770385742	3.443879128
462.099182129	3.440103531
464.427978516	3.440103531
466.756774902	3.440103531
469.085571289	3.440103531
471.414367676	3.440103531
473.743194580	3.436327457
476.071990967	3.436327457
476.071990967	3.436327457
478.400787354	3.436327457
480.729583740	3.436327457
483.058380127	3.436327457
485.387176514	3.432551622
487.716003418	3.432551622
490.044799805	3.432551622
492.373596191	3.432551622
492.373596191	3.432551622
494.702392578	3.432551622
497.031188965	3.428775549
499.359985352	3.428775549
501.688781738	3.428775549
504.017608643	3.428775549
506.346405029	3.428775549
508.675201416	3.424999714
508.675201416	3.424999714
511.003997803	3.424999714
513.332824707	3.424999714
515.661621094	3.424999714
517.990417480	3.424999714
520.319213867	3.421223640
522.648010254	3.421223640
524.976806641	3.421223640
527.305603027	3.421223640
527.305603027	3.421223640
529.634399414	3.421223640
531.963195801	3.417447567
534.291992188	3.417447567
536.620788574	3.417447567
538.949584961	3.417447567
541.278442383	3.417447567
543.607238770	3.413671970
543.607238770	3.413671970
545.936035156	3.413671970
548.264831543	3.413671970
550.593627930	3.413671970
552.922424316	3.413671970
555.251220703	3.409895897
557.580017090	3.409895897
559.908813477	3.409895897
559.908813477	3.409895897
562.237609863	3.409895897
564.566406250	3.409895897
566.895202637	3.406120062
569.224060059	3.406120062
571.552856445	3.406120062
573.881652832	3.406120062
576.210449219	3.406120062
578.539245605	3.402343988
578.539245605	3.402343988
580.868041992	3.402343988
583.196838379	3.402343988
585.525634766	3.402343988
587.854431152	3.402343988
590.183227539	3.398568153
592.512023926	3.398568153
594.840820312	3.398568153
594.840820312	3.398568153
597.169616699	3.398568153
599.498474121	3.394792318
601.827270508	3.394792318
604.156066895	3.394792318
606.484863281	3.394792318
608.813659668	3.394792318
611.142456055	3.391016245
613.471252441	3.391016245
613.471252441	3.391016245
615.800048828	3.391016245
618.128845215	3.391016245
620.457641602	3.387240410
622.786437988	3.387240410
625.115234375	3.387240410
627.444030762	3.387240410
629.772888184	3.387240410
629.772888184	3.387240410
632.101684570	3.383464336
634.430480957	3.383464336
636.759277344	3.383464336
639.088073730	3.383464336
641.416870117	3.379688501
643.745666504	3.379688501
646.074462891	3.379688501
646.074462891	3.379688501
648.403259277	3.379688501
650.732055664	3.375912666
653.060852051	3.375912666
655.389648438	3.375912666
657.718444824	3.375912666
660.047302246	3.375912666
662.376098633	3.372136593
664.704895020	3.372136593
664.704895020	3.372136593
667.033691406	3.372136593
669.362487793	3.372136593
671.691284180	3.372136593
674.020080566	3.368360519
676.348876953	3.368360519
678.677673340	3.368360519
681.006469727	3.368360519
681.006469727	3.368360519
683.335266113	3.364584684
685.664062500	3.364584684
687.992858887	3.364584684
690.321716309	3.364584684
692.650512695	3.364584684
694.979309082	3.360808849
697.308105469	3.360808849
697.308105469	3.360808849
699.636840820	3.360808849
701.965637207	3.360808849
704.294433594	3.357032776
706.623229980	3.357032776
708.952026367	3.357032776
711.280822754	3.357032776
713.609619141	3.353256941
715.938476562	3.353256941
715.938476562	3.353256941
718.267272949	3.353256941
720.596069336	3.353256941
722.924865723	3.349481106
725.253662109	3.349481106
727.582458496	3.349481106
729.911254883	3.349481106
732.240051270	3.345705271
732.240051270	3.345705271
734.568847656	3.345705271
736.897644043	3.345705271
739.226440430	3.345705271
741.555236816	3.341929197
743.884033203	3.341929197
746.212890625	3.341929197
748.541687012	3.341929197
750.870483398	3.338153124
750.870483398	3.338153124
753.199279785	3.338153124
755.528076172	3.338153124
757.856872559	3.334377289
760.185668945	3.334377289
762.514465332	3.334377289
764.843261719	3.334377289
767.172058105	3.330601454
767.172058105	3.330601454
769.500854492	3.330601454
771.829650879	3.330601454
774.158447266	3.326825619
776.487304688	3.326825619
778.816101074	3.326825619
781.144897461	3.323049545
783.473693848	3.323049545
783.473693848	3.323049545
785.802490234	3.323049545
788.131286621	3.319273472
790.460083008	3.319273472
792.788879395	3.319273472
795.117675781	3.315497875
797.446472168	3.315497875
799.775268555	3.315497875
802.104064941	3.311721802
802.104064941	3.311721802
804.432922363	3.311721802
806.761718750	3.311721802
809.090515137	3.307945728
811.419311523	3.307945728
813.748107910	3.307945728
816.076904297	3.304169655
818.405700684	3.304169655
818.405700684	3.304169655
820.734497070	3.304169655
823.063293457	3.300394058
825.392089844	3.300394058
827.720886230	3.296617985
830.049682617	3.296617985
832.378479004	3.296617985
834.707336426	3.292842150
834.707336426	3.292842150
837.036132812	3.292842150
839.364929199	3.289066076
841.693725586	3.289066076
844.022521973	3.289066076
846.351318359	3.285290003
848.680114746	3.285290003
851.008911133	3.281514406
853.337707520	3.281514406
853.337707520	3.281514406
855.666503906	3.277738333
857.995300293	3.277738333
860.324096680	3.277738333
862.652893066	3.273962498
864.981750488	3.273962498
867.310546875	3.270186424
869.639343262	3.270186424
869.639343262	3.270186424
871.968139648	3.266410589
874.296936035	3.266410589
876.625732422	3.262634754
878.954528809	3.262634754
881.283325195	3.258858681
883.612121582	3.258858681
885.940917969	3.255082607
888.269714355	3.255082607
888.269714355	3.255082607
890.598510742	3.251306772
892.927307129	3.251306772
895.256164551	3.247530937
897.584960938	3.247530937
899.913757324	3.243754864
902.242553711	3.243754864
904.571350098	3.239979029
904.571350098	3.239979029
906.900146484	3.236203194
909.228942871	3.236203194
911.557739258	3.232427359
913.886535645	3.232427359
916.215332031	3.228651285
918.544128418	3.224875212
920.872924805	3.224875212
920.872924805	3.224875212
923.201782227	3.221099377
925.530578613	3.221099377
927.859375000	3.217323303
930.188171387	3.213547707
932.516967773	3.213547707
934.845764160	3.209771633
937.174560547	3.205995560
939.503356934	3.205995560
939.503356934	3.205995560
941.832153320	3.202219725
944.160949707	3.198443890
946.489746094	3.198443890
948.818542480	3.194667816
951.147338867	3.190891743
953.476196289	3.187116146
955.804992676	3.183340073
955.804992676	3.183340073
958.133789062	3.183340073
960.462585449	3.179564238
962.791381836	3.175788164
965.120178223	3.172012329
967.448974609	3.168236256
969.777770996	3.168236256
972.106567383	3.164460421
972.106567383	3.164460421
974.435363770	3.160684586
976.764160156	3.156908512
979.092956543	3.153132677
981.421752930	3.149356842
983.750610352	3.145580769
986.079406738	3.141804695
988.408203125	3.138028860
990.736999512	3.134253025
990.736999512	3.134253025
993.065795898	3.130476952
995.394592285	3.126701117
997.723388672	3.122925282
1000.052185059	3.119149208
1002.380981445	3.115373373
1004.709777832	3.107821465
1007.038574219	3.104045391
1007.038574219	3.104045391
1009.367370605	3.100269556
1011.696166992	3.092717886
1014.025024414	3.088941813
1016.353820801	3.085165739
1018.682617188	3.077614069
1021.011413574	3.073838234
1023.340209961	3.066286325
1025.668945312	3.062510252
1025.668945312	3.062510252
1027.997802734	3.054958344
1030.326660156	3.047406673
1032.655395508	3.039854765
1034.984252930	3.032302856
1037.312988281	3.024750948
1039.641845703	3.017199039
1041.970581055	3.005871296
