1.304542303	3.502995014
3.482718229	3.502995014
5.660893917	3.499501228
7.839070320	3.485526562
10.017246246	3.471551418
12.195421219	3.454082727
12.195421219	3.454082727
14.373598099	3.440107822
16.551773071	3.429626703
18.729949951	3.415651798
20.908124924	3.401676893
23.086301804	3.387701750
25.264476776	3.373726845
27.442653656	3.363245726
29.620828629	3.349270821
31.799003601	3.338789701
31.799003601	3.338789701
33.977180481	3.331802368
36.155357361	3.324814796
38.333530426	3.317827225
40.511707306	3.310839653
42.689880371	3.303852320
44.868061066	3.296864986
47.046234131	3.289877415
49.224411011	3.282890081
49.224411011	3.282890081
51.402584076	3.275902510
53.580760956	3.268914938
55.758937836	3.265421391
57.937114716	3.258434057
60.115291595	3.258434057
62.293464661	3.251446247
64.471641541	3.251446247
66.649818420	3.251446247
66.649818420	3.251446247
68.827987671	3.247952938
71.006164551	3.244458914
73.184341431	3.244458914
75.362525940	3.244458914
77.540695190	3.244458914
79.718872070	3.244458914
81.897048950	3.244458914
84.075225830	3.244458914
84.075225830	3.244458914
86.253395081	3.244458914
88.431571960	3.244458914
90.609748840	3.244458914
92.787925720	3.244458914
94.966102600	3.244458914
97.144279480	3.244458914
99.322456360	3.244458914
101.500633240	3.244458914
103.678802490	3.244458914
103.678802490	3.244458914
105.856979370	3.244458914
108.035156250	3.244458914
110.213333130	3.244458914
112.391510010	3.244458914
114.569686890	3.247952938
116.747856140	3.247952938
118.926033020	3.251446247
121.104217529	3.251446247
121.104217529	3.251446247
123.282386780	3.251446247
125.460571289	3.251446247
127.638732910	3.251446247
129.816925049	3.251446247
131.995086670	3.251446247
134.173263550	3.254940033
136.351440430	3.258434057
138.529617310	3.258434057
138.529617310	3.258434057
140.707794189	3.258434057
142.885971069	3.258434057
145.064147949	3.258434057
147.242324829	3.261927605
149.420501709	3.265421391
151.598663330	3.265421391
153.776855469	3.265421391
155.955017090	3.265421391
158.133193970	3.265421391
158.133193970	3.265421391
160.311386108	3.268914938
162.489547729	3.272408962
164.667724609	3.272408962
166.845901489	3.272408962
169.024078369	3.272408962
171.202255249	3.272408962
173.380432129	3.275902510
175.558609009	3.279396296
175.558609009	3.279396296
177.736785889	3.279396296
179.914962769	3.279396296
182.093124390	3.279396296
184.271316528	3.279396296
186.449478149	3.282890081
188.627670288	3.286383629
190.805831909	3.286383629
192.984008789	3.286383629
192.984008789	3.286383629
195.162200928	3.286383629
197.340362549	3.286383629
199.518539429	3.286383629
201.696716309	3.289877415
203.874893188	3.293371201
206.053070068	3.293371201
208.231246948	3.293371201
210.409408569	3.293371201
210.409408569	3.293371201
212.587600708	3.293371201
214.765777588	3.293371201
216.943939209	3.296864986
219.122131348	3.296864986
221.300292969	3.300358534
223.478469849	3.300358534
225.656661987	3.300358534
227.834823608	3.300358534
230.013000488	3.300358534
230.013000488	3.300358534
232.191192627	3.300358534
234.369354248	3.300358534
236.547531128	3.300358534
238.725692749	3.303852320
240.903884888	3.303852320
243.082061768	3.307346344
245.260223389	3.307346344
247.438400269	3.307346344
247.438400269	3.307346344
249.616592407	3.307346344
251.794754028	3.307346344
253.972930908	3.307346344
256.151123047	3.307346344
258.329284668	3.307346344
260.507446289	3.307346344
262.685638428	3.307346344
264.863830566	3.307346344
264.863830566	3.307346344
267.041992188	3.310839653
269.220153809	3.310839653
271.398345947	3.310839653
273.576507568	3.310839653
275.754699707	3.314333439
277.932861328	3.314333439
280.111022949	3.314333439
282.289184570	3.314333439
284.467376709	3.314333439
284.467376709	3.314333439
286.645568848	3.314333439
288.823730469	3.314333439
291.001892090	3.314333439
293.180084229	3.314333439
295.358245850	3.314333439
297.536437988	3.314333439
299.714630127	3.314333439
301.892791748	3.314333439
301.892791748	3.314333439
304.070953369	3.314333439
306.249114990	3.314333439
308.427307129	3.314333439
310.605499268	3.314333439
312.783660889	3.314333439
314.961853027	3.314333439
317.140014648	3.314333439
319.318176270	3.314333439
319.318176270	3.314333439
321.496368408	3.314333439
323.674560547	3.314333439
325.852722168	3.314333439
328.030883789	3.314333439
330.209075928	3.314333439
332.387268066	3.314333439
334.565429688	3.314333439
336.743591309	3.314333439
338.921783447	3.314333439
338.921783447	3.314333439
341.099945068	3.314333439
343.278137207	3.314333439
345.456298828	3.314333439
347.634490967	3.314333439
349.812652588	3.314333439
351.990814209	3.314333439
354.169006348	3.314333439
356.347198486	3.314333439
356.347198486	3.314333439
358.525360107	3.314333439
360.703521729	3.314333439
362.881713867	3.314333439
365.059875488	3.314333439
367.238067627	3.314333439
369.416259766	3.314333439
371.594421387	3.314333439
373.772583008	3.314333439
373.772583008	3.314333439
375.950744629	3.314333439
378.128936768	3.310839653
380.307128906	3.310839653
382.485290527	3.310839653
384.663452148	3.310839653
386.841644287	3.307346344
389.019805908	3.307346344
391.197998047	3.307346344
391.197998047	3.307346344
393.376190186	3.307346344
395.554351807	3.307346344
397.732513428	3.307346344
399.910675049	3.307346344
402.088867188	3.307346344
404.267059326	3.307346344
406.445220947	3.307346344
408.623413086	3.307346344
410.801574707	3.307346344
410.801574707	3.307346344
412.979736328	3.307346344
415.157928467	3.307346344
417.336120605	3.307346344
419.514282227	3.303852320
421.692443848	3.303852320
423.870635986	3.303852320
426.048797607	3.300358534
428.226989746	3.300358534
428.226989746	3.300358534
430.405151367	3.300358534
432.583343506	3.300358534
434.761505127	3.300358534
436.939666748	3.300358534
439.117858887	3.300358534
441.296051025	3.300358534
443.474212646	3.300358534
445.652374268	3.300358534
445.652374268	3.300358534
447.830566406	3.300358534
450.008758545	3.300358534
452.186920166	3.296864986
454.365081787	3.296864986
456.543243408	3.293371201
458.721466064	3.293371201
460.899627686	3.293371201
463.077819824	3.293371201
465.255981445	3.293371201
465.255981445	3.293371201
467.434143066	3.293371201
469.612304688	3.293371201
471.790466309	3.293371201
473.968658447	3.293371201
476.146881104	3.293371201
478.325042725	3.289877415
480.503204346	3.289877415
482.681365967	3.286383629
482.681365967	3.286383629
484.859558105	3.286383629
487.037719727	3.286383629
489.215881348	3.286383629
491.394104004	3.286383629
493.572265625	3.286383629
495.750427246	3.286383629
497.928619385	3.286383629
500.106781006	3.282890081
500.106781006	3.282890081
502.284942627	3.282890081
504.463104248	3.279396296
506.641326904	3.279396296
508.819488525	3.279396296
510.997680664	3.279396296
513.175842285	3.279396296
515.354003906	3.279396296
517.532165527	3.279396296
517.532165527	3.279396296
519.710327148	3.279396296
521.888549805	3.275902510
524.066711426	3.272408962
526.244873047	3.272408962
528.423095703	3.272408962
530.601257324	3.272408962
532.779418945	3.272408962
534.957580566	3.272408962
537.135803223	3.272408962
537.135803223	3.272408962
539.313964844	3.272408962
541.492126465	3.268914938
543.670288086	3.265421391
545.848449707	3.265421391
548.026611328	3.265421391
550.204833984	3.265421391
552.383056641	3.265421391
554.561218262	3.265421391
554.561218262	3.265421391
556.739379883	3.265421391
558.917541504	3.261927605
561.095703125	3.258434057
563.273864746	3.258434057
565.452026367	3.258434057
567.630249023	3.258434057
569.808410645	3.258434057
571.986572266	3.258434057
571.986572266	3.258434057
574.164794922	3.254940033
576.342956543	3.251446247
578.521118164	3.251446247
580.699279785	3.251446247
582.877441406	3.251446247
585.055664062	3.251446247
587.233825684	3.251446247
589.411987305	3.247952938
591.590148926	3.244458914
591.590148926	3.244458914
593.768310547	3.244458914
595.946533203	3.244458914
598.124694824	3.244458914
600.302917480	3.244458914
602.481079102	3.244458914
604.659240723	3.240965366
606.837402344	3.237471581
609.015563965	3.237471581
609.015563965	3.237471581
611.193725586	3.237471581
613.371887207	3.237471581
615.550109863	3.237471581
617.728271484	3.233977795
619.906433105	3.230484009
622.084655762	3.230484009
624.262817383	3.230484009
626.440979004	3.230484009
626.440979004	3.230484009
628.619140625	3.230484009
630.797363281	3.226990223
632.975524902	3.223496914
635.153686523	3.223496914
637.331848145	3.223496914
639.510009766	3.223496914
641.688171387	3.220002890
643.866394043	3.216509104
643.866394043	3.216509104
646.044616699	3.216509104
648.222778320	3.216509104
650.400939941	3.216509104
652.579101562	3.216509104
654.757263184	3.209521770
656.935424805	3.209521770
659.113586426	3.209521770
661.291809082	3.209521770
663.469970703	3.209521770
663.469970703	3.209521770
665.648132324	3.202534199
667.826354980	3.202534199
670.004516602	3.202534199
672.182678223	3.202534199
674.360839844	3.202534199
676.539001465	3.195546627
678.717224121	3.195546627
680.895385742	3.195546627
680.895385742	3.195546627
683.073547363	3.195546627
685.251708984	3.192053080
687.429870605	3.188559294
689.608032227	3.188559294
691.786254883	3.188559294
693.964477539	3.188559294
696.142639160	3.181571960
698.320800781	3.181571960
698.320800781	3.181571960
700.498962402	3.181571960
702.677124023	3.181571960
704.855285645	3.178078175
707.033447266	3.174584389
709.211669922	3.174584389
711.389831543	3.174584389
713.567993164	3.171090603
715.746215820	3.167596817
717.924377441	3.167596817
717.924377441	3.167596817
720.102539062	3.167596817
722.280700684	3.164103270
724.458923340	3.160609484
726.637084961	3.160609484
728.815246582	3.160609484
730.993408203	3.157115936
733.171569824	3.153622150
735.349731445	3.153622150
735.349731445	3.153622150
737.527954102	3.153622150
739.706176758	3.146634579
741.884338379	3.146634579
744.062500000	3.146634579
746.240661621	3.143140793
748.418823242	3.139647245
750.596984863	3.139647245
752.775146484	3.139647245
752.775146484	3.139647245
754.953369141	3.132659674
757.131530762	3.132659674
759.309692383	3.132659674
761.487854004	3.129165888
763.666076660	3.125672102
765.844238281	3.125672102
768.022399902	3.122178555
770.200622559	3.118684769
772.378784180	3.118684769
772.378784180	3.118684769
774.556945801	3.118684769
776.735107422	3.111697197
778.913269043	3.111697197
781.091430664	3.111697197
783.269592285	3.104709864
785.447814941	3.104709864
787.626037598	3.104709864
789.804199219	3.097722292
789.804199219	3.097722292
791.982360840	3.097722292
794.160522461	3.097722292
796.338684082	3.090734959
798.516845703	3.090734959
800.695007324	3.087241173
802.873229980	3.083747387
805.051391602	3.083747387
807.229553223	3.080253601
807.229553223	3.080253601
809.407775879	3.076759815
811.585937500	3.076759815
813.764099121	3.069772720
815.942260742	3.069772720
818.120483398	3.066278696
820.298645020	3.062785149
822.476806641	3.062785149
824.654968262	3.059291363
824.654968262	3.059291363
826.833129883	3.055797338
829.011291504	3.052303791
831.189453125	3.048810244
833.367675781	3.048810244
835.545898438	3.041822672
837.724060059	3.041822672
839.902221680	3.038329124
842.080383301	3.034835339
844.258544922	3.031341314
844.258544922	3.031341314
846.436706543	3.027847767
848.614929199	3.027847767
850.793090820	3.020860434
852.971252441	3.020860434
855.149414062	3.017366648
857.327636719	3.013872862
859.505798340	3.010379314
861.683959961	3.006885052
861.683959961	3.006885052
863.862182617	3.003391743
866.040344238	2.996403933
868.218505859	2.992910385
870.396667480	2.989416838
872.574829102	2.985923290
874.752990723	2.982429028
876.931152344	2.978935719
879.109375000	2.975441933
879.109375000	2.975441933
881.287597656	2.968454361
883.465759277	2.964960814
885.643920898	2.961467028
887.822082520	2.954479456
890.000244141	2.950985909
892.178405762	2.947492123
894.356567383	2.940504551
896.534790039	2.937011003
898.712951660	2.933516979
898.712951660	2.933516979
900.891113281	2.926529646
903.069335938	2.919542313
905.247497559	2.912554741
907.425659180	2.912554741
909.603820801	2.905567169
911.781982422	2.898579597
913.960144043	2.891592503
916.138305664	2.884604692
916.138305664	2.884604692
918.316589355	2.877617598
920.494750977	2.870630026
922.672912598	2.863642454
924.851074219	2.860148668
927.029235840	2.853161335
929.207458496	2.846174002
931.385620117	2.839186192
933.563781738	2.832199097
933.563781738	2.832199097
935.741943359	2.821717739
937.920104980	2.814730167
940.098266602	2.807742834
942.276428223	2.800755262
944.454589844	2.790274143
946.632751465	2.783286810
948.810974121	2.772805691
950.989196777	2.762324333
950.989196777	2.762324333
953.167419434	2.755336761
955.345581055	2.734374523
957.523742676	2.734374523
959.701904297	2.727386951
961.880065918	2.709918261
964.058227539	2.699437141
966.236389160	2.685462236
968.414550781	2.671487331
970.592712402	2.654018641
970.592712402	2.654018641
972.770935059	2.640043736
974.949096680	2.626069069
977.127258301	2.608600140
979.305419922	2.587637901
981.483703613	2.563181639
983.661865234	2.538725853
985.840026855	2.524750948
988.018188477	2.510775805
